0.081412
0.227929
0.266731
0.178796
 0.06384
0.058896
0.080737
0.155055
0.146918
0.094432
0.099493
0.042725
0.041151
0.031475
0.082253
0.265729
0.392546
0.143038
0.064225
0.079144
0.066836
0.080763
0.102261
0.108455
0.195129
0.093118
0.096835
 0.18596
0.424852
0.121434
0.085478
0.145324
0.185813
0.103964
0.199013
0.245858
0.073935
0.077897
0.033451
0.032219
0.024643
0.064399
 0.20805
0.307339
 0.11199
0.418567
0.339623
0.182047
0.091111
0.118898
0.076534
0.073431
0.013734
0.075762
0.145595
0.332633
0.095076
0.066924
0.113779
 0.14548
0.081397
0.155815
0.192492
0.210833
0.281471
0.238597
0.087037
0.089268
0.099777
 0.03681
0.055994
0.099739
0.371811
0.301686
0.161711
0.080933
0.105617
0.067985
0.065228
  0.0122
0.067299
0.229097
0.088624
0.016934
0.037843
0.034247
0.053269
0.201611
0.318727
0.156799
0.187282
0.250029
0.211944
0.077315
0.079297
0.088631
0.032698
0.049739
0.088598
0.118367
 0.02893
0.036208
0.070835
0.024788
0.047018
0.144255
0.393641
0.326582
0.264181
0.102196
0.019527
0.043638
0.039492
0.061426
0.232486
0.367537
0.180811
0.005295
0.025342
0.104505
0.251925
0.147873
0.195357
0.182574
0.084163
0.020427
0.136494
 0.03336
0.041753
0.081682
0.028584
0.054218
0.166347
0.453923
0.376594
0.147631
0.182657
0.125169
 0.11632
0.047297
0.054529
0.109279
0.064653
0.035391
0.006303
0.030167
0.124403
0.299892
0.176028
0.232554
0.217336
0.100188
0.024316
0.010435
0.010121
0.076319
0.203973
0.326008
0.309595
0.239546
0.104619
0.056831
0.175741
0.217436
0.149002
0.138468
0.056302
0.064912
0.130086
0.076963
0.042129
0.081275
0.017742
0.042646
0.096938
0.100068
0.138058
0.403679
0.223701
0.132773
0.009467
0.009182
0.069235
 0.18504
0.295748
0.280858
0.217311
0.094908
0.051556
0.102302
0.128853
0.216754
0.247823
 0.24758
0.281154
0.145821
0.050322
0.057717
 0.07373
0.016095
0.038687
 0.08794
0.090779
0.125243
0.366209
0.202937
0.120449
0.109865
0.073937
0.095562
0.144161
0.062912
 0.14267
0.248978
 0.17995
0.194495
0.120445
0.151705
0.255195
0.291774
0.291488
0.331017
0.171683
0.059246
0.067954
0.159598
0.068381
0.017208
0.041444
0.057663
0.029446
0.120307
0.286525
0.097497
0.129349
0.087049
 0.11251
0.169728
 0.07407
0.167973
0.293135
0.211865
0.228989
0.027872
 0.09262
0.087188
0.137152
0.242754
0.159557
0.155785
0.082165
0.061242
0.170465
0.073037
 0.01838
0.044266
0.061589
0.031451
0.128498
0.306033
0.104135
0.288975
0.279587
0.331788
0.113833
0.014559
 0.02546
0.087319
0.036647
0.116494
0.029769
0.098926
0.093124
 0.14649
0.259282
 0.17042
0.166392
0.087759
0.065412
0.275381
0.080056
0.182617
0.321074
0.247674
0.135077
0.174252
0.081101
0.132096
0.280236
0.271132
0.321755
 0.11039
0.014119
 0.02469
0.084678
0.035538
0.112972
0.162701
0.013614
0.054875
0.131205
0.206184
 0.26553
0.205658
0.157167
0.119305
0.267054
0.077635
0.177095
0.311364
0.240184
0.130992
0.168982
0.078648
0.128101
0.114698
0.115874
0.195983
0.062629
0.024652
0.096179
0.144587
0.165816
0.101391
0.202835
0.016972
0.068412
 0.16357
0.257044
0.331029
0.256389
0.195936
0.148735
0.178061
0.134981
0.098393
 0.24465
0.271789
0.149987
  0.1131
0.051048
0.107153
 0.14299
0.144457
0.244326
0.078078
0.030733
0.119904
0.180252
0.206719
0.126402

 0.14424
0.191939
0.168433
0.093756
0.120433
0.113721
0.110535
0.131283
0.131174
0.208474
0.158036
0.115199
0.286437
0.318212
0.175606
0.132418
0.059768
0.125456
0.185941
0.101337
0.149736
0.227134
 0.22565
 0.15557
0.090243
0.108063
0.090665
0.168877
0.224723
0.197202
 0.10977
0.141003
0.133144
0.129415
0.153706
0.153579
0.076944
0.157082
0.162419
0.106666
0.106004
0.168866
0.197723
0.222185
0.131132
0.067276
0.082905
0.070012
  0.0846
 0.10712
0.113608
  0.2044
0.097542
0.101436
0.194795
0.445037
0.127204
 0.08954
0.152228
0.194642
0.108903
0.208469
0.257539
0.046466
0.169704
0.277935
 0.25503
0.247695
0.157109
 0.03672

0.065774
 0.07572
0.069932
0.141435
0.232286
0.092134
0.104723
0.186915
0.137859
0.105054
0.117029
0.171185
0.391097
0.111786
0.078687
0.133778
 0.17105
0.095704
0.183202
0.226324
 0.24789
0.330942
0.280533
0.102335
0.104958
0.117314
 0.04328
0.065836
 0.11727
0.061456
0.124293
0.204132
0.080967
0.092031
 0.16426
 0.12115
0.092321
0.102845
0.046301
0.055167
0.037342
0.085649
0.198652
0.366073
0.139999
0.066945
0.070138
0.225533
0.301095
0.255232
0.093105
0.095492
0.106733
0.039376
0.059898
0.106693
0.142543
0.034839
0.043603
0.085302
 0.02985
0.056621
0.173718
0.474038
0.393283
0.042125
0.050191
0.033974
0.077925
0.180736
0.333057
0.127373
0.060907
0.063812
0.046754
0.048736
0.044592
0.087843
0.091662
0.150611
0.253655
0.112204
0.043164
0.156347
0.038213
0.047826
0.093563
0.032741
0.062104
0.190542
0.519948
0.431371
0.169105
0.209226
0.143376
0.133239
0.054176
0.062461
0.125174
0.074056
0.040538
0.051282
0.053456
0.048911
0.096351
0.100539
0.165197
0.278221
 0.12307
0.047345
0.128086
0.135865
0.096463
0.064886
0.105012
0.207339
0.228214
 0.08962
0.114939
0.199979
0.247425
0.169553
0.157566
0.064068
0.073865
0.148028
0.087578
 0.04794
0.092484
0.020189
0.048528
0.110308
 0.11387
0.157099
0.459356
0.254555
0.151086
0.151471
0.160671
0.114075
0.076733
0.124185
0.245195
0.269881
0.105982
0.135924
0.087441
0.030339
0.045584
0.070323
 0.10024
0.250547
0.262224
0.180672
0.091916
0.072737
0.015879
0.038166
0.086755
0.089556
0.123555
0.361274
0.200202
0.118826
0.108384
 0.07294
0.094275
0.142218
0.062064
0.140748
0.245623
0.177526
0.191874
0.068771
0.023861
0.035851
0.055308
0.078837
 0.19705
0.206234
0.142095
 0.07229
0.006761
0.005882
0.027531
 0.04231
 0.26988
0.581922
0.197676
0.052176
0.020799
0.116604
0.078472
0.101424
0.153004
0.066771
0.151422
0.264251
0.190989
0.206426
0.025125
0.083493
0.078597
0.123638
0.218834
0.143835
0.140435
0.074069
0.055208
0.007274
0.006328
0.029619
0.045519
0.290347
0.626053
0.212667
0.056132
0.022376
0.093184
0.182122
0.236461
0.085816
0.035633
0.029851
0.069729
 0.03702
0.051557
0.031566
0.104897
0.098745
0.155332
0.274933
0.180707
0.176435
0.093056
0.069361
0.292004
0.084889
 0.19364
0.340454
0.262624
 0.14323
 0.18477
0.085996
0.140069
0.117072
0.228809
0.297079
0.107815
0.044767
0.037504
0.087605
 0.04651
0.064774
0.047859
0.116965
 0.23646
0.243919
0.178958
0.137681
0.117011
0.137354
0.080346
0.296984
0.086336
0.196943
0.346261
0.267103
0.145673
0.187921
0.087463
0.142458
0.127552
0.128861
0.217947
0.069648
0.027415
0.106959
0.160791
  0.1844
0.112755
0.048675
 0.11896
0.240493
0.248079
0.182011
0.140029
0.119007
0.139697
0.081716
0.167441
0.120366
0.149233
0.114409
0.143023
0.200952
0.158871
0.041843
0.158574
0.160829
0.162479
0.274808
0.087819
0.034567
0.134863
 0.20274
0.232509
0.142171
0.162236
0.215885
0.189446
0.105453
0.135458
0.127908
0.124325
0.147661
0.147539
0.211125
0.151769
0.188166
0.144258
0.180336
0.253379
0.200319
0.052759
0.199944
0.122546
0.225445
0.222881
0.125292
0.157129
0.087246
0.108918
0.123188
0.148582
0.180489
0.240174
0.210761
0.117317
0.150698
0.142299
0.138313
0.164275
0.164139
0.082235
0.167883
0.173587
    0.114
0.113292
0.180477
0.211318

0.237462
0.140148
0.136334
 0.25081
0.247958
0.139389
0.174808
0.097062
0.121172
0.137048
0.165299
0.099672
 0.06648
0.090826
0.205237
0.298698
0.202354
0.130339
0.083398
0.096765
0.050287
0.183661
0.300793
0.276004
0.268066
 0.17003
 0.03974
0.071184
0.081947
0.075683
0.153067
 0.25139
0.099711
0.113336
0.202287
0.149197
0.113694
0.126654
0.277998
0.308611
0.147391
 0.12303
0.051489
0.027969
 0.01874
0.033915
0.051951
0.134876
0.250166
0.108818
0.143565
0.177164
 0.12857
0.133727
  0.2059
0.192938
0.066711
0.134921
0.221587
 0.08789
  0.0999
0.178306
0.131509
0.100216
0.111639
 0.05026
0.059884
0.040535
0.092973
0.215639

0.397375
 0.15197
 0.07267
0.076135
0.118886
0.220508
0.095917
0.126545
0.156161
0.113328
0.117873
 0.18149
0.170065
0.148046
0.118307
0.094303
0.200249
0.261025
0.187986
0.226976
0.317786
0.205246
0.048938
0.058309
0.039468
0.090527
0.209966
0.386922
0.147973
0.070758
0.074132
0.054315
0.056619
0.051804
 0.10205
0.106486
0.174969
0.294679
 0.13035
0.050145
0.144152
0.115195
0.091823
0.194981
0.254158
0.183041
0.221005
0.309426
0.199846
 0.03893
0.101428
0.112537
0.192758
0.342531
0.164003
0.090793
 0.07436
0.089244
0.033196
0.034604
0.031661
 0.06237
0.065081
0.106936
0.180099
0.079666
0.030647
0.082913
0.087949
0.062443
0.042002
0.067977
0.134216
0.147729
0.058013
0.074403
0.023793
 0.06199
0.068779
0.117808
0.209345
0.100234
 0.05549
0.045447
0.054543
 0.13351
0.031069
0.032613
0.050401
0.221615
0.384435
0.494688
0.488559
0.275807
 0.04488
0.047606
  0.0338
0.022735
0.036795
0.072649
0.079964
0.031402
0.040273
0.025908
0.008989
0.013506
0.020836
  0.0297
0.074235
0.077695
0.053532
0.027234
0.072267
0.016817
0.017653
0.027281
0.119958
0.208091
0.267769
0.264452
0.149291
0.012939
0.021878
0.177941
0.769796
0.312027
0.076176
0.063287
0.025606
0.011225
 0.02831
0.009822
0.014758
0.022768
0.032453
0.081116
0.084897
0.058494
0.029758
0.002783
0.002421
0.011333
0.017417
0.111097
0.239549
0.081374
0.021478
0.008562
0.014138
0.023906
0.194434
0.841146
0.340948
0.083236
0.069153
 0.02798
0.012265
0.033313
0.013236
0.054477
0.080038
0.064974
 0.03316
 0.04578
0.047766
0.080875
0.007151
0.006221
 0.02912
0.044752
0.285456
0.615506
0.209084
0.055187
0.021999
0.091614
0.179054
0.232478
 0.08437
0.035033
0.029348
0.068555
0.036396
0.050689
0.085595
 0.03401
0.139976
0.205652
0.166947
0.085202
 0.11763
0.122733
0.207804
0.112013
0.068312
0.102624
0.192211
 0.29627
0.185033
0.063845
0.047704
 0.08089
0.127279
0.248758
 0.32298
0.117215
0.048671
0.040774
0.095243
0.050565
0.070421
0.052031
0.127163
0.257076
0.265186
0.194561
0.149685
0.127213
 0.14933
0.087351
0.155619
0.094906
0.142574
0.267038
0.411605
0.257065
0.088699
0.066274
 0.11238
0.110321
0.090859
0.106257
0.125492
0.185159
0.172381
0.061095
0.095867
0.109302
0.059233
0.144765
0.292659
0.301892
0.221492
0.170403
0.144821
0.169999
0.099442
0.203762
0.146476
0.181603
0.139227
0.174047
0.244542
0.193333
0.050919
0.192971
0.125591
0.103436
0.120965
0.142862
0.210788
0.196241
0.069551
0.109137
0.124432
0.075245
0.149506
0.088249
0.114352
0.222162
0.064731
0.232971
 0.14759
0.151917
0.213511
0.153484
0.190292
0.145888
0.182375
0.256242
0.202583
0.053355
0.202204
0.123931
0.227993
  0.2254
0.126708
0.158905
0.088232
0.110149
 0.12458
0.150261
0.078845
0.156659
0.092472
0.119824
0.232792
0.067828
0.244118
0.154652
0.159185
0.109767
0.084484
0.116291
0.250868
0.245095
 0.21631
0.176241
0.082322
 0.10269
0.134222
0.246924
0.244116
0.137229
0.172099
0.095558
0.119294
0.134924
0.162738
0.098127
 0.06545
0.089418
0.202057
 0.29407
0.199218
0.128319
0.082106
0.095266
0.118881
0.091499
0.125947
0.271698
0.265446
 0.23427
0.190874
0.089157
0.111217
 0.14264
0.043726
 0.02685
0.052786
0.086613
0.324193
0.214522
0.164287
 0.13445
0.302854
0.336204
0.160569
 0.13403
0.056093
 0.03047
0.020415
0.036947
0.056596
0.146935
0.272533
0.118547
0.156401
0.193004
0.140065
0.145683
0.224309
0.210189
0.051657
  0.0325
0.104835
0.245182
0.284861
0.156064
0.028412
0.040336
0.020633
0.047803
0.062247
0.058686
0.147614
0.304229
0.232698
0.194421
0.182384
0.055879
0.121721
0.225766
0.098204
0.129562
0.159884
 0.11603
0.120684
0.185818
 0.17412
0.151576
0.121128
0.096552
0.205023
0.267249
0.192468
0.232388
0.325363
0.210139
  0.0396
0.051566
0.048616
0.122283
0.252023
0.192766
0.161058
0.151086
 0.04629
0.048457
0.033537
0.261418
0.188769
  0.1227
0.081624
0.081131
0.245324
0.137097
0.151053
 0.12071
0.096218

0.204315
0.266325
0.191803
0.231585
0.324239
0.209413
0.040794
0.106284
0.117924
0.201986
0.358929
0.171854
 0.09514
 0.07792
0.093516
 0.04829
0.033421
0.260514
0.188117
0.122276
0.081342
 0.08085
0.244477
0.136623
0.083276
0.038352
0.012452
0.041156
0.049059
0.156137
0.160155
0.212486
0.174055
0.014044
0.036589
0.040597
0.069536
0.123565
0.059163
0.032753
0.026825
0.032194
0.078804
0.018339
 0.01925
0.029749
0.130807
0.226911
0.291987
 0.28837
0.162794
0.028669
0.013203
0.004287
0.014168
0.016889
0.053752
0.055135
0.073151
 0.05992
0.312091
0.281415
0.182553
0.215401
0.432435
0.213771
0.186874
0.290668
0.272525
0.031481

0.007326
 0.00769
0.011884
0.052256
0.090647
0.116644
0.115199
0.065034
0.005636
 0.00953
0.077514
0.335335
0.135924
0.033183
0.027569
0.011154
 0.00489
0.124675
0.112421
0.072927
0.086049
0.172751
0.085398
0.074653
0.116117
0.108869
0.152745
0.395232
 0.52724
0.354515
0.256128
0.079494
0.053136
0.144047
0.173176
0.005454
0.009222
0.075004
0.324477
0.131522
0.032109
0.026676
0.010793
0.004731
0.012851
0.005106
0.021015
0.030875
0.025064
0.012792
 0.01766
0.018426
0.031198
0.147799
0.382435
0.510167
0.343036
0.247835
 0.07692
0.051416
0.139382
0.167568
0.139838
0.191867
0.258746
0.231482
 0.11851
 0.09445
0.025236
0.039038
 0.01519
0.027715
0.011012
0.045324
0.066589
0.054057
0.027588
0.038088
 0.03974
0.067286
0.036269
0.022119
0.033229
0.062237
0.095931
0.059913
0.020673
0.015446
0.026192
0.301594
0.413806
0.558047
0.499246
0.255595
0.203704
0.054428
0.084195
 0.03276
0.038714
 0.06736
0.033638
0.039348
0.045088
0.067141
0.039433
0.036448
0.038839
0.149625
 0.09125
0.137082
0.256752
0.395751
0.247164
0.085282
0.063722
0.108051
0.106072
0.087359
0.102164
0.120658
0.178027
0.165741
0.058741
0.092175
0.105092
0.159711
0.277887
 0.13877
0.162326
0.186007
0.276983
0.162674
0.150362
0.160225
0.093803
0.076878
0.148404
0.083709
0.108668
 0.09734
0.085859
0.290957
0.162397
 0.14465
0.119132
0.139321
0.164541
0.242776
0.226021
0.080106
0.125699
0.143315
0.086664
0.172194
0.101641
0.131706
0.255876
0.074554
0.268325
0.169987
 0.17497
0.127919
0.104838
0.202379
0.114154
0.148191
0.132742
0.117086
0.396778
0.221462
0.178247
0.135301
0.150289
0.091679
0.071999
0.079476
0.064773
0.199388
0.143551
0.086533
0.171935
0.101488
0.131507
 0.25549
0.074442
0.267921
0.169731
0.174707
 0.12047
0.092722
0.127631
0.275329
0.268994
0.237401
0.193426
0.090349
0.112704
0.177979
0.135097
0.150063
0.091541
 0.07189
0.079356
0.064676
0.199088
0.143334
0.077976
0.100043
0.102158
0.125903
0.162194
0.235528
 0.19775
0.307004
0.130597
0.104924
0.080756
 0.11116
0.239798
 0.23428
0.206765
0.168464
0.078689
0.098159
0.125893
0.038592
0.023697
0.046588
0.076444
 0.28613
0.189335
0.144998
0.118665
0.067913
0.087133
0.088975
0.109655
0.141263
0.205133
 0.17223
0.267385
0.113744
0.113463
0.055413
 0.18236
0.290281
0.413902
0.232868
0.139101
0.065963
0.032334
0.053401
0.033597
0.108374
 0.25346
0.294478
0.161334
0.029371
0.041697
 0.02133
0.049417
0.064349
0.060668
0.152598
0.314501
0.240554
0.200985
0.188541
0.057766
0.150012
0.119286
0.135654
0.157868
0.136968
0.108159
0.081174
 0.03451
0.102225
0.233941
0.180111
0.057823
0.123875
0.152858
0.279885
0.341006
0.233107
0.166422
0.043836
0.057081
0.053816
0.135363
 0.27898
0.213385
0.178285
0.167247
0.051242
 0.05364
0.037124
 0.28938
 0.20896
0.135824
0.090355
0.089809
0.271565
0.151761
0.207519
0.159768
0.051292
0.109884
0.135594
0.248274
0.302491
0.206779
0.147626
 0.10277
0.129723
0.070401
0.148747
0.176656
0.152122
0.202167
0.225111
0.070694
0.060542
0.041901
0.326614
0.235847
0.153301
0.101981
0.101364
0.306507
0.171288
0.104405
0.048083
0.015612
0.051598
0.061507
0.195753
0.200791
  0.2664
0.218217
0.115994
0.146414
 0.07946
0.167886
0.199386
0.171696
 0.22818
0.254076
 0.07979
0.143192
0.081861
0.109633
0.262052
 0.10437
0.099544
 0.11976
0.161791
0.129847
0.020594
0.009484
0.003079
0.010178
0.012132
0.038612
0.039605
0.052547
0.043043
0.224185
 0.20215
0.131134
 0.15473
0.310632
0.153558
0.134238
0.208796
0.195763
0.028244
0.016147
0.021625
0.051689
0.020587
0.019635
0.023622
0.031913
0.025612
0.468633
0.523424
0.314117
0.076187
0.029214
0.008547
0.034468
0.050406
0.171236
0.097181
0.087629
0.056844
0.067073
0.134654
0.066565
 0.05819
 0.09051
 0.08486
 0.11906
0.308071
0.410967
0.276333
0.199644
0.061963
0.041418
 0.11228
0.134985
0.203145
0.226896
0.136165
0.033026
0.012664
0.003705
0.014942
 0.02185

0.074228
0.165798
0.326804
0.340814
0.037681
0.012895
0.065609
 0.18224
0.245824
0.185707
 0.08677
0.224522
0.299512
0.201391
  0.1455
0.045159
0.030185
0.081829
0.098377
0.082097
0.112642
0.151906
  0.1359
0.069576
 0.05545
0.014816
0.022919
0.008918
0.120833
0.238174
0.248385
0.027462
0.009398
0.047816
0.132816
0.179156
0.135343
0.074446
0.081446
0.397518
0.516641
0.239951
0.033913
0.002136
0.005936
0.038757
 0.10576
0.145109
0.195691
0.175071
 0.08963
0.071433
0.019086
0.029525
0.011488
0.013576
0.023621
0.011796
0.013798
0.015811
0.023544
0.013828
0.012781
 0.01362
0.095904
0.104921
0.512096
0.665554
0.309112
0.043688

0.002751
0.007646
0.049928
0.012667
0.036592
0.231613
0.025893
0.007022
 0.00412
0.007179
0.008754
0.021341
0.055067
0.095813
0.047847
0.055968
0.064133
0.095501
0.056089
0.051843
0.055244
0.032342
0.026507
0.051168
0.028862
0.037468
0.033562
0.029603
0.100319
0.055993
0.051382
0.148424
0.939473
0.105028
0.028483
0.016713
 0.02912
0.035508
0.086562
0.036625
0.028518
0.029158
 0.04059
0.028441
0.032697
0.034816
0.026136
0.031824
0.128138
0.105017
0.202725
0.114349
0.148444
0.132969
0.117286
0.397456
 0.22184
0.178552
0.135532
0.150546
0.091836
0.072122
0.079611
0.064884
0.199729
0.143796
0.145106
0.112988
0.115523
0.160813
0.112683
0.129544
 0.13794
0.103549
0.126084
0.141396
0.059364
0.223533
0.323581
0.304599
0.213819
0.153219
0.083997
0.068424
0.105582
0.080144
0.089022
0.054305
0.042648
0.047076
0.038368
0.118105
 0.08503
0.046257
0.059349
0.060603
0.074689
0.096218
0.139722
0.117311
0.182124
0.077474
0.083611
0.035103
0.132181
0.191342
0.180117
0.126437
0.090602
 0.04967
0.040461
0.321267
0.153417
0.234842
 0.12242
0.149193
0.267845
0.160517
0.513195
0.381016
0.043642
0.055993
0.057177
0.070467
0.090779
0.131823
0.110679
0.171828
0.073094
0.072914
 0.03561
0.117188
0.186541
0.265982
0.149646
 0.08939
0.042389
0.020779
0.303104
0.144744
0.221565
0.115499
0.140759
0.252703
0.151442
0.484181
0.359475
0.114549
0.064092
0.078396
0.113149
0.121213
0.114179
0.112373
0.147226
0.108585
0.171183
 0.13612
0.154799
0.180147
0.156298
0.123423
 0.09263
0.039381
0.116651
0.266957
0.205529
0.065983
0.141357
0.174431
0.319384
0.389131
0.266005
0.189909
0.141561
0.059553
0.040833
0.087063
 0.09423
0.188785
0.158228
0.142271
0.190545
0.080669
0.136142
0.135221
0.069626
0.063317
0.199917
0.170514
0.121099
0.094869
0.239089
0.184074
0.059095
0.126601
0.156222
0.286044
 0.34851
0.238237
0.170084
0.118405
0.149458
0.081111
0.171376
0.203531
0.175264
0.232923
0.259357
0.081449
0.072248
 0.12193
0.121105
0.062358
0.056707
0.179047
0.152714
0.108457
0.084966
 0.15787
0.152694
0.157772
0.140052
0.122192
0.075329
0.095769
0.188206
0.171168
 0.09675
0.122123
0.066277
0.140033
0.166307
 0.14321
0.190324
0.211923
0.066553
0.119436
 0.06828
0.091444
0.218576
0.087055
0.083029
0.099891
0.134949
0.108304
0.128997
0.124767
0.128917
0.114438
0.099844
0.061552
0.078254
0.153785
0.139863
0.418147
0.230618
0.233847
0.161371
 0.08288
0.234929
0.066714
0.170182
0.399112
0.020285
0.011596
0.015531
0.037122
0.014785
0.014101
0.016965
0.022919
0.018394
0.336567
0.375918
0.225596
0.054717
0.020981
0.006139
0.024755
0.036201
 0.12298
0.071017
0.039168
0.039716
0.027407
0.014076
  0.0399
0.011331
0.028903
0.067784
0.650958
0.047658
0.014511
0.007726
0.009831
 0.00713
0.085918
0.113532
0.455303
0.198019
 0.22117
0.132729
0.032193
0.012344
0.003612
0.014564
0.021299
0.072355
0.161614
0.318557
0.332214
 0.03673
 0.01257
0.063954
0.177641
0.239621
 0.18102
0.382989
0.028039
0.008537
0.004546
0.005784
0.004195
 0.05055
0.066796
0.267876
0.420676
0.322369
0.097738
0.025794
0.023091
0.030863
0.011557
0.033487
0.040176
0.126246
0.248844
0.259512
0.028692
0.009819
0.049958
0.138766
0.187183
0.141406
0.077781
0.085095
0.415327
0.539787
0.250701
0.035433

0.002231
0.006202
0.040493
0.328616
0.251822
0.076349
0.020149
0.018037
0.024109
0.009028
0.026158
0.031384
0.125326
0.130994
 0.10136
0.073825
 0.01049
 0.02779
0.032587
 0.02987
0.049181
0.061593
0.067385
0.328888
0.427446
0.198524
0.028058
0.001767
0.004911
0.032066
0.008136
0.023501
0.148751
 0.01663
 0.00451
0.002646
0.004611
0.005622
0.013706
0.099243
0.103731
0.080265
 0.05846
0.008307
0.022007
0.025805
0.023653
0.038946
0.015244
0.649583
0.422634
0.008112
0.006985
0.016831
0.013563
0.020679
0.025683
0.010279
0.029694
0.187951
0.021012
0.005698
0.003344
0.005826
0.007104
0.017318
0.007327
0.005705
0.005833
 0.00812

 0.00569
0.006541
0.006965
0.005229
0.006367
0.019262
0.820763
0.534007
0.010249
0.008826
0.021266
0.017137
0.026128
0.032451
0.015117
0.008104
0.005278
0.005172
0.007922
0.010623
0.006128
0.002934
0.004326
0.136523
0.106305
 0.10869
0.151301
0.106017
0.121882
0.129781
0.097424
0.118626
0.133033
0.055852
0.210311
0.304441
0.286582
0.201172
0.144156
0.079029
0.064377
0.281667
0.150993
0.098349
0.096362
0.147599
0.197933
0.114188
0.054659
0.080603
0.305048
0.314249
0.205219
 0.12111
0.125093
0.079378
0.118925
0.158225
0.207497
0.078025
0.032758
0.123349
0.178558
0.168083
0.117989
0.084549
0.046351
0.037758
0.299802
0.143167
0.219151
0.114241
0.139225
 0.24995
0.149792
0.478906
0.355559
0.178914
 0.18431
0.120363
0.071032
0.073368
0.046556
0.069751
  0.0928
0.121699
 0.07513
0.071472
0.070143
0.084248
0.048458
0.125544
0.161913
0.120567
0.241528
0.306875
0.146545
0.224322
0.116936
 0.14251
0.255847
0.153326
0.490205
0.363948
0.115974
0.064889
0.079371
0.114556
0.122721
0.115599
0.113772
0.149058
0.109936
0.076903
0.073158
0.071798
0.086236
0.049601
0.128506
0.165733
0.123412
0.247227
0.033219
0.043756
0.119023
0.094102
0.154426
0.110778
0.102049
0.068984
0.039809
0.172155
0.072423
0.049658
0.105879
0.114595
0.229584
0.192423
0.173018
0.231726
0.098103
0.165564
0.164444
0.084673
    0.077
0.243122
0.207366
0.147271
0.115372
0.187499
0.101452
0.208344
0.059772
0.065246
0.141538
0.121149
 0.10721
0.296784
0.164772
0.211451
0.193181
0.174362
0.217457
0.153229
0.144464
0.245448
0.167999
0.090398
0.152562
0.151529
0.078023
0.070953
0.224028
 0.19108
0.135704
0.106311
0.197531
0.191054
0.197408
0.175236
0.152889
0.094253
0.119828
0.235488
0.214169
0.151832
0.194844
0.178009
0.160668
0.200378
0.141195
0.133119
0.226171
0.154805
0.097074
0.082808
0.096114
0.217285
0.197781
0.292095
0.204418
0.099308
0.068213
0.089706
0.086764
 0.08965
0.079581
0.069432
0.042804
0.054418
0.106943
0.097262
0.290782
0.160373
0.162619
0.112219
0.057635
0.163371
0.046394
0.118346
0.277545
0.044084
0.037606
0.043649
0.098677
0.089819
 0.13265
0.092833
0.045099
0.030978
0.575318
0.113521
 0.08068
0.050289
0.069656
0.043024
0.034714
0.193861
0.465133
0.054571
0.030097
0.030519
 0.02106
0.010816
 0.03066
0.008707
 0.02221
0.052087
 0.50021
0.036621
 0.01115
0.005937
0.007554
0.005479
0.066021
0.087241
0.349864
 0.10797
0.021304
0.015141
0.009438
0.013072
0.008074
0.006515
0.036382
0.087292
0.582394
0.489235
0.052086
0.014167
0.012206
0.027286
0.013251
0.003246
0.007122
0.353669
0.025893
0.007884
0.004198
0.005341
0.003874
 0.04668
0.061683
0.247369
0.388471
 0.29769
0.090256
 0.02382
0.021323
0.028501
0.010672
0.030923
0.037101
0.411777
 0.34591
0.036827
0.010016
 0.00863
0.019293
0.009369
0.002295
0.005035
  0.4275
0.234566
0.011295
0.006328
0.002308
0.001658
0.010432
0.036746
0.156032
0.282149
0.216214
0.065553
  0.0173
0.015487
  0.0207
0.007751
 0.02246
0.026946
0.107604
0.112471
0.087027
0.063385
0.009007
0.023861
0.027979
0.025646
0.042227
0.310496
0.170366
0.008204
0.004596
0.001676
0.001204
0.007577
0.026689
0.113327
0.779669
0.137606
0.013943
0.005215
0.000955
 0.00104
0.000587
0.006198
0.247336
0.074007
0.077354
0.059855
0.043595
0.006195
0.016411
0.019243
0.017639
0.029043
0.011368
0.484408
0.315167
0.006049
0.005209
0.012551
0.010114
0.015421
0.019152
0.536236
0.094642
 0.00959
0.003587
0.000657
0.000716
0.000404
0.004263
0.170111
 0.13767
0.495604
0.227094
0.030958
0.001093
0.003896
 0.01224
0.023653
0.052775
0.013927
0.593455
0.386116
0.007411
0.006382
0.015376
0.012391
0.018892
0.023464
0.010931
 0.00586
0.003817
0.003739
0.005728
0.007681
0.004431
0.002121
0.003128
0.168662
0.607172
0.278216
0.037927
 0.00134
0.004773
0.014995
0.028978
0.064656
 0.06458
0.105034
0.008647
0.007471
0.006823
0.009202
0.006482
0.007075
0.007566
0.083278
0.044643

0.029078
0.028491
0.043639
0.058521
0.033761
 0.01616
0.023831
0.090191
0.092911
0.060675
0.035807
0.036985
0.023469
0.035161
0.046781
0.061349
0.492022
 0.80024
0.065879
0.056918
0.051985
0.070107
0.049388
0.053901
0.057643
0.003679
0.000921
0.006304
0.012377
0.054054
 0.14974
0.115202
0.075034
 0.02219
0.214204
0.220665
0.144104
0.085043
 0.08784
0.055739
0.083509
0.111105
0.145704
0.089949
 0.08557
0.083979
0.100866
0.058016
0.150307
 0.19385
0.144349
0.289169
0.008738
0.002188
0.014971
0.029396
0.128378
0.355634
0.273605
0.178207
0.052702
0.089286
 0.05525
0.208589
0.367726
0.312756
0.154213
0.166923
0.149421
0.101775

0.101588
0.096642
0.094845
0.113918
0.065523
0.169756
0.218932
0.163026
0.326586
0.043882
0.057801
0.157229
0.124309
0.203996
0.146338
0.134807
0.091128
0.052588
0.100839
0.062399
0.235578
0.415307
0.353224
0.174167
0.188521
0.168755
0.114944
0.082279
0.082789
0.020047
0.060666
 0.19973
0.243272
0.117867
0.033463
0.014663
0.146884
0.079476
0.163213
0.046824
0.051113
0.110878
0.094906
0.083987
0.232496
 0.12908
0.165647
0.151335
0.136592
0.170352
0.120038
0.113171
 0.19228
0.131608
0.224219
0.304174
0.138942
0.175404
0.119046
0.094731
0.139882
0.115243
0.138402
0.172115
 0.18409
0.306126
0.327719
0.276464
0.126154
0.131273
0.127061
 0.06083
0.125269
0.160756
0.146866
0.132559
0.165322
0.116493
0.109829
0.186603
0.127722
0.080091
0.068321
0.079299
0.179271
 0.16318
0.240993
0.168655
0.081934
0.056279
0.167033
0.178654
0.297087
0.318042
0.268301
0.122429
0.127397
0.123309
0.059034
0.069819
0.138618
0.106909
0.323632
0.208769
0.138348
0.179987
0.180869
0.058926
0.033958
0.028967
0.033622
0.076009
0.069186
0.102179
0.071508
0.034739
0.023862
0.443159
0.087443
0.062147
0.038736
0.053655
0.033141
 0.02674
0.149328
0.358285
0.029603
0.058772
0.045328
0.137217
0.088516
0.058658
0.076313
0.076686
0.024984
 0.36359
0.631065
0.101131
0.068157
0.039181
0.078009
0.034905
0.017412
0.030841
 0.11203
0.022106
0.015711
0.009793
0.013564
0.008378
 0.00676
 0.03775
0.090574
0.604295
0.507633
0.054045
0.014699
0.012665
0.028312
0.013749
0.003368
 0.00739
0.091915
0.159533
0.025566
 0.01723
0.009905
0.019721
0.008824
0.004402
0.007796
0.393073
0.379716
0.074037
0.005815
0.001448
0.007324
0.012777
0.014364
0.096674
0.407927
0.342676
0.036483
0.009923
0.008549
0.019112
0.009282
0.002273
0.004988
0.423504
0.232373
 0.01119
0.006269
0.002286
0.001642
0.010334
0.036403
0.154573
0.265343
0.256326
0.049978
0.003925
0.000977
0.004944
0.008625
0.009696
0.065259
0.493021
0.163873
  0.0441
0.021729
0.008053
0.017977
0.073727
0.078878
0.166948
0.284921
0.156334
0.007528
0.004218
0.001538
0.001105
0.006952
0.024491
0.103992
0.715451
0.126272
0.012795
0.004785
0.000876
0.000955
0.000538
0.005687
0.226964
0.331691
0.110249
0.029669
0.014618
0.005418
0.012094
0.049602
0.053067
0.112318
0.215242
0.224904
0.087714
0.122275
0.105725
0.062515
0.012547
0.037855
0.160384
0.529818
0.093509
0.009475
0.003544
0.000649
0.000707
0.000399
0.004212
0.168075
0.136022
0.489672
0.224376
0.030587
 0.00108
0.003849
0.012093
 0.02337
0.052144
0.159395
 0.16655
0.064955
0.090549
0.078293
0.046295
0.009292
0.028033
 0.11877
0.391233
0.353328
0.024533
0.001087
0.000333
0.001824
0.006937
0.007228
0.042008
0.163676
0.589223
0.269992
0.036805
  0.0013
0.004632
0.014552
0.028122
0.062745
0.062671
0.101929
0.008391
 0.00725
0.006621
 0.00893
0.006291
0.006866
0.007342
0.470771
 0.42516
0.029521
0.001308
0.000401
0.002195
0.008347
0.008697
0.050549
0.347547
0.052814
0.008205
0.002169
0.000452
0.001635
0.003492
0.003362
0.049675
 0.16632
0.270508
0.022269
 0.01924
0.017573
0.023699
0.016695
 0.01822
0.019485
0.001244
0.000311
0.002131
0.004184
0.018272
0.050617
0.038942
0.025364
0.007501
0.922347
0.140161
0.021776
0.005757
  0.0012
0.004339
0.009267
0.008922
0.131831
0.024936
 0.01533
0.010355
0.007751
0.006051
0.008665
0.022429
0.028649
0.019978
0.009455
0.002367
0.016199
0.031807
0.138907
0.384802
0.296045
0.192823
0.057024
0.096608
0.059781
0.225696
0.397885
0.338407
0.166861
0.180613
0.161676
0.110122
0.189567
0.116539
0.078722
0.058921
0.046002
 0.06587
0.170513
0.217796
0.151877
0.055498
0.054677
0.036068
0.068792
0.135837
0.155343
0.166047
 0.12592
0.066715
0.115199
0.071285
0.269128
0.474453
0.403528
0.198971
0.215369
0.192788
0.131314
0.093997
 0.09458
0.022902
0.069306
0.228174
0.277917
0.134653
0.038228
0.016752
0.066177
0.065199
0.043009
 0.08203
0.161977
0.185237
0.198001

0.150151
0.079553
0.052944
0.048551
0.019518
0.043082
0.135916
0.153705
0.041413
0.092539
0.054767
0.200792
0.272393
0.124425
0.157077
0.106608
0.084833
0.125267
0.103202
0.123941
0.154132
0.164856
0.274141
0.293477
0.247578
0.112973
0.117557
0.113785
0.054475
0.064262
0.045702
0.082216
0.072463
0.113771
0.090079
0.099254
0.395576
0.165723
0.206041
0.051993
0.038601
0.083512
 0.14968
 0.16834
0.108215
0.167965
  0.3028
0.155129
0.165922
0.275915
0.295376
 0.24918
0.113704
0.118318
0.114522
0.054827
0.064843
0.128739
 0.09929
0.300568
0.193891
0.128488
 0.16716
0.167979
0.054727
0.207374
0.052329
0.038851
0.084052
0.150648

0.169429
0.108915
0.169052
0.304759
0.266567
0.146366
0.154621
0.157659
0.026772
0.020925
0.112443
0.166128
0.154841
0.028452
0.056488
0.043567
0.131884
0.085076
0.056378
0.073347
0.073706
0.024013
0.349459
0.606539
  0.0972
0.065508
0.037658
0.074977
0.033548
0.016735
0.029642
0.116965
0.064223
0.067845
0.069178
0.011747
0.009182
0.049338
0.072894
0.067941
0.254879
0.059257
0.061701
0.073228
0.057386
0.042267
0.044201
0.095292
 0.55524
0.128828
  0.2236
0.035833
 0.02415
0.013883
 0.02764
0.012368
0.006169
0.010927
0.550928
0.532207
 0.10377
 0.00815
0.002029
0.010265
0.017908
0.020132
0.135497
0.093961
0.021845
0.022746
0.026995
0.021155
0.015582
0.016295
0.035129
0.204688
 0.02503
0.049832
0.042204
0.035158
0.352626
0.297032
0.062215
  0.1611
0.101554
0.246221
0.237854
0.046377
0.003643
0.000907
0.004588
0.008004
0.008997
0.060556
0.457492
0.152064
0.040922
0.020163
0.007473
0.016681
0.068414
0.073194
0.154917
0.011186
0.022271
0.018862
0.015713
0.157596
 0.13275
0.027805
0.071999
0.045386
 0.59261
0.228567
0.068116
0.001917
0.002463
0.024286
0.045654
0.079168
0.373104
0.409813
0.136216
0.036657
0.018061
0.006694
0.014943
0.061284
0.065565
0.138772
0.265938
0.277876
0.108373
0.151074
0.130626
 0.07724
0.015503
0.046771
0.198158
 0.53085
0.204746
0.061017
0.001717
0.002206
0.021755
0.040896
0.070917
 0.33422
0.132261
 0.15914
0.121584
 0.11073
0.057395
0.014085
0.006016
0.037717
0.125988
0.229083
0.239366
0.093354
0.130138
0.112524
0.066535
0.013354
0.040289
0.170696
0.562281
0.507804
 0.03526
0.001562
0.000479
0.002622
0.009969
0.010388
0.060374
0.113932
0.137085
0.104734
0.095384
0.049441
0.012133
0.005182
 0.03249
0.108528
0.332206
0.189506
0.089048
0.041599
0.011233
0.015484
0.007763
0.017238
0.116051
0.560172
0.505899
0.035127
0.001556
0.000477
0.002612
0.009932
0.010349
0.060148
0.413548
0.062843
0.009764
0.002581
0.000538
0.001945
0.004155
    0.004
0.059108
 0.33096
0.188795
0.088714
0.041443
0.011191
0.015426
0.007734
0.017173
0.115615
0.243487
0.105865
0.012395
 0.00387
0.005369
 0.00381
0.001627
0.009765
0.083354
0.815489
0.123923
0.019253
 0.00509
0.001061
0.003836
0.008194
0.007888
0.116557
0.022047
0.013554
0.009156
0.006853
 0.00535
0.007661
0.019831
 0.02533
0.017663
0.480141
0.208759
0.024442
0.007631
0.010588
0.007513
0.003209
0.019255
0.164369
0.013697
 0.00933
0.009718
0.013616
0.015982
0.004912
0.007857
 0.00301
0.003892
0.271637
0.166993
0.112804
 0.08443
0.065917
0.094388
0.244334
0.312087
0.217629
0.079524
0.078349
0.051683
0.098575
0.194646
0.222597
0.237935
0.180435
0.095598
0.168762
0.114956
0.119731
 0.16776
0.196914
0.060525
0.096807
0.037086
0.047951
 0.20711
0.135702
0.306193
0.219089
0.136351
0.166799
 0.12308
 0.16003
 0.14237
0.082616
0.081395
0.053692
0.102407
0.202214
0.231251
0.247186
 0.18745
0.099315
0.066096
0.060612
0.024367
0.053785
0.169679
0.191887
0.051701
0.115526
0.068371
0.215163
0.140978
0.318098
0.227607
0.141653
0.173285
0.127865
0.166253
0.147905
0.049566
0.037963
0.161024
0.299062
0.314614
0.272854
0.172486
0.126812
0.035028
0.061376
0.043649
0.078523
0.069208
0.108661
0.086033
0.094796
0.377807
0.158279
0.196786
0.049657
0.036867
0.079761
0.142956

0.160778
0.103354
 0.16042
0.289199
0.104842
0.078722
0.049964
0.127867
0.253828
0.239571
0.186454
0.110792
0.222644
0.149333
0.169925
0.090273
0.176981
0.315016
  0.3135
0.112381
0.089835
0.093829
0.189269
 0.04776
0.035459
0.076714
0.137496
0.154637
0.099406
0.154293
0.278152
0.243295
0.133588
0.141122
0.143895
0.024435
0.019098
0.102626
0.151625
0.141322
0.143629
0.163435
0.086825
0.170221
0.302984
0.301526
0.108089
0.086403
0.090245
 0.01587
0.016297
0.014735
0.172155
0.426981
0.260694
0.161219
0.161565
0.046472
0.098911
 0.05431
0.057373
  0.0585
0.009934
0.007764
0.041722
0.061642
0.057454
0.215537
0.050111
0.052177

0.061925
0.048528
0.035743
0.037378
0.080583
0.469535
0.006452
0.006625
0.005991
0.069989
0.173587
0.105984
0.065543
0.065684
0.018893
0.586029
0.420258
0.039189
0.027261
0.069896
0.162703
0.072756
0.037578
0.261344
 0.10018
0.023291
0.024251
0.028782
0.022555
0.016613
0.017373
0.037454
0.218235
0.026687
 0.05313
0.044998
0.037485
0.375964
 0.31669
0.066332
0.171763
0.108275
0.272381
0.195332
0.018215
0.012671
0.032487
0.075623
0.033816
0.017466
 0.12147
0.551127
0.221847
0.042787
0.017012
0.021248
0.016107
0.056801
0.105581
0.371051
 0.01225
0.024388
0.020655
0.017206
0.172578
 0.14537
0.030448
0.078844
0.049701
0.648949
0.250297
0.074592
0.002099
0.002697
0.026595
0.049994
0.086694
0.408575
0.252983
0.101834
0.019641
0.007809
0.009753
0.007394
0.026073
0.048465
0.170323
0.258872
0.236093
0.111664
0.073206
0.036841
0.075984
0.034711
0.068836
 0.10162
0.611737
0.235944
0.070315
0.001978
0.002543
 0.02507
0.047128
0.081723
0.385146
0.152414
0.183388
 0.14011
0.127602
 0.06614
0.016231
0.006932
0.043464
0.145185
0.244027
0.222555
0.105261
0.069008
0.034728
0.071627
0.032721
0.064888
0.095792
0.157064
0.047676
0.029684
0.029914
0.020605
0.010778
0.043692
0.142942
 0.29924
0.185183
0.222817
0.170234
0.155037
 0.08036
0.019721
0.008423
0.052808
  0.1764
0.539965
0.308021
0.144738
0.067615
0.018258
0.025168
0.012618
0.028018
0.188628
0.190833
0.057927
0.036067
0.036345
0.025035
0.013095
0.053086
0.173674
0.363577
0.163249
0.028717
0.090796
0.063853
0.069802
0.081697
0.078847
0.114417
0.306198
0.589112
0.336058
0.157912
 0.07377
 0.01992
0.027459
0.013767
0.030569
0.205797
0.433409
0.188441
0.022063
0.006888
0.009557
0.006782
0.002897
0.017381
0.148371
0.178108
 0.03133
 0.09906
0.069665
0.076156
0.089133
0.086024
0.124831
0.334068
0.001426
0.002071
0.003838
0.011815
0.044359
0.031032
0.025997
0.085514
 0.10899
0.827366
0.359728
0.042118
 0.01315
0.018244
0.012946
 0.00553
 0.03318
0.283237
0.023603
0.016078
0.016745
0.023463
 0.02754
0.008465
0.013539
0.005187
0.006706
0.002722
0.003953
0.007326
0.022554
0.084679
0.059238
0.049628
0.163244
0.208058
0.007876
0.011928
0.023684
0.030872
0.098363
0.064798
 0.01427
0.006713
0.004614
0.107242
 0.07305
0.076085
0.106605
0.125131
0.038461
0.061517
0.023567
0.030471
0.131611
0.086233
0.194574
0.139223
0.086646
0.105995
0.078212
0.101693
0.090471
0.035785
0.054197
0.107611
0.140271
0.446925
0.294418
0.064837
0.030501
0.020963
 0.16683
 0.17039
 0.10062
0.176476
0.459188
0.407936
0.059431
0.048482
0.097288
0.116547
0.076364
0.172304
0.123288
0.076729
0.093863
0.069261
0.090054
0.080116
0.026848
0.020563
0.087222
0.161993
0.170417
0.147797
0.093431
 0.06869
0.018974
0.147735
0.150888
0.089104
0.156277
0.406632
0.361246
0.052629
0.042933
0.086153
0.024571
       0
 0.01615
0.104027
0.368943
0.472336
 0.19767
0.080188
0.027173
 0.03377
0.025357
0.016094
0.041187
 0.08176
0.077167
0.060058
0.035687
0.071715
0.048101
0.054734
0.029077
0.057007
0.101469
 0.10098
0.036199
0.028936
0.030223
       0
       0
0.000484
0.029425
0.262857
0.464194
0.108876
0.012716
0.003094
       0
       0
       0
0.009365
0.374789
0.690533
0.160179
0.011422
       0
0.039983
0.045497
 0.02417
0.047386
0.084344
0.083938
0.030089
0.024053
0.025122
0.004418
0.004537
0.004102
0.047924
0.118862
0.072571
 0.04488
0.044976
0.012937
       0
       0
       0
0.007785
0.311536
0.573991
0.133146
0.009495
       0
       0
       0
 0.00803
0.042181
0.552106
0.447369
0.008488
       0
       0
0.004112
0.004222
0.003818
0.044604
0.110627
0.067544
 0.04177
 0.04186
 0.01204
0.373476
 0.26783
0.024975
0.017373
0.044545
0.103691
0.046367
0.023948
0.166554
       0
       0
0.007474
0.039259
0.513857
0.416376
  0.0079
       0
       0
0.029116
       0
       0
0.030338
 0.33839
0.395855
0.063877
0.042745
0.064914
0.244978

0.175681
0.016382
0.011396
0.029219
0.068015
0.030414
0.015709
 0.10925
0.495683
0.199528
0.038483
0.015301
 0.01911
0.014487
0.051086
0.094959
0.333722
0.019098
       0
       0
  0.0199
0.221965
0.259658
0.041899
0.028038
 0.04258
0.465201
0.068084
0.012928
0.010245
       0
       0
0.000622
0.029835
0.367859
0.414596
0.166888
0.032187
0.012798
0.015984
0.012117
0.042729
0.079425
 0.27913
0.424246
0.386916
0.182998
0.119972
0.060376
0.124524
0.056885
 0.11281
0.166537
  0.3891
0.056946
0.010813
0.008569
       0
       0
 0.00052
0.024954
0.307682
0.044729
0.009516
0.013063
0.003822
0.005296
0.005785
0.025088
0.084156

0.109631
0.291515
0.265864
0.125745
0.082437
0.041487
0.085565
0.039088
0.077516
0.114434
0.187629
0.056954
0.035461
0.035735
0.024614
0.012876
0.052194
0.170758
0.357472
0.030735
0.006539
0.008976
0.002626
0.003639
0.003975
0.017239
0.057827
0.075331
0.536815
0.217013
0.030763
 0.01137
0.013592
0.018553
 0.01881
0.069791
0.487971
0.191724
0.058197
0.036235
0.036515
0.025151
0.013157
0.053334
0.174485
0.365274
0.164011
0.028851
 0.09122
0.064151
0.070128
0.082078
0.079215
0.114951
0.307628
0.548532
 0.22175
0.031434
0.011618
0.013888
0.018958
 0.01922
0.071314
0.498622
 0.04289
0.034673
 0.01627
0.022933
0.075355
0.085503
0.025504
0.003549
0.021008
0.342476
0.060244
0.190479
0.133955
0.146437
 0.17139
0.165412
0.240032
0.642366
0.002742
0.003982
 0.00738
0.022718
0.085295
0.059669
0.049989
0.164432
0.209572
0.089561
0.072402
0.033973
0.047887
0.157351
0.178541
0.053256
 0.00741
0.043866
       0
       0
0.004874
0.062447
0.236581
0.228304
0.036672
0.003967
       0
0.004491
0.006523
 0.01209
0.037218
0.139738
0.097755
0.081895
0.269386
0.343338
0.012997
0.019684
0.039083
0.050945
0.162319
0.106929
0.023548
0.011078
0.007613
       0
       0
0.007985
0.102306
0.387586
0.374026
0.060079
0.006499
       0
       0
       0
0.007915
0.034818
0.456146
0.458349
0.072261
0.004616
       0
0.013377
0.020259
0.040226
0.052434
0.167064
0.110056
0.024237
0.011402
0.007836
0.062362
0.063693
0.037613
0.065968
0.171648
 0.15249
0.022216
0.018123
0.036367
       0
       0
0.008146
0.035836
0.469482
0.471749
0.074374
0.004751
       0
       0
 0.00183
0.011712
0.058186
 0.36844
0.544129
0.021251
       0
       0
0.065842
0.067247
0.039712
0.069649
0.181227
0.160999
0.023455
0.019134
0.038396
0.010951
       0
0.007197
0.046362
0.164429
0.210509
0.088097
0.035738
 0.01211
       0
0.001933
0.012366
0.061433
0.389001
0.574494
0.022437
       0
       0
       0
       0
       0
0.007105
0.361844
0.466689
0.078197
0.003016
       0
       0
       0
0.000236
 0.01439
0.128548
0.227009
0.053244
0.006219
0.001513
       0
       0
       0
 0.00458
0.183287
0.337698
0.078334
0.005586
       0
       0
       0
       0
0.007349
0.344641
0.611743
0.031511
0.009959
       0
0.002899
0.008097
0.018618
 0.08453
0.319188
0.390801
 0.13356
0.028864
0.006284
       0
       0
       0
0.004269
0.170854
0.314791
 0.07302
0.005207
       0
       0
       0
0.004404
0.023133
0.302789
0.245348
0.004655
       0
       0
0.002703
0.007548
0.017355
0.078797
0.297537
0.364292
0.124501
0.026906
0.005857
0.005636
0.012451
0.015016
0.020981
 0.42114
0.539617
0.020077
0.002143
0.003077
       0
       0
0.004304
0.022608
0.295915
0.239779
0.004549
       0
       0
0.016767
       0
       0
0.017471
0.194869
0.227961
0.036785
0.024616
0.037382
0.005508
0.012168
0.014675
0.020505
0.411579
0.527367
0.019621
0.002095
0.003008
0.010757
0.021002
 0.03336
0.032207
0.465147
0.263151
0.056974
0.117834
0.079578
0.018456
       0
       0
 0.01923
0.214492
0.250917
0.040489
0.027094
0.041147
 0.44954
0.065792
0.012493
  0.0099
       0
       0
0.000601
0.028831
0.355475
 0.01184
0.023116
0.036719
 0.03545
0.511988
 0.28965
0.062711
  0.1297
0.087591
0.230699
0.196242
0.152696
 0.16258
0.060212
0.099523
0.043868
0.029548
 0.12981
  0.3997
0.058498
0.011108
0.008803
       0
       0
0.000534
0.025634
0.316064
0.045947
0.009775
0.013419
0.003926
 0.00544
0.005943
0.025771
0.086448
0.112617
0.205122
0.174485
0.135767
0.144555
0.053536
0.088489
0.039005
0.026272
0.115418
0.042028
0.035784
0.059593
 0.58821
0.442266
0.092539
0.096158
0.060405
0.071065
 0.02901
0.006172
0.008473
0.002479
0.003435
0.003752
0.016271
0.054582
0.071104
0.506692
0.204835
0.029037
0.010732
0.012829
0.017512
0.017754
0.065875
0.460588
0.026536
0.022593
0.037626
0.371383
0.279237
0.058427

0.060712
0.038138
0.044869
0.271405
0.205008
0.102863
0.193303
0.140446
0.067709
0.121858
0.078614
0.189015
0.512217
0.207069
0.029353
0.010849
0.012969
0.017703
0.017948
0.066593
0.465611
0.040051
0.032378
0.015193
0.021415
0.070366
0.079842
0.023816
0.003314
0.019617
0.274365
0.207243
0.103985
0.195411
0.141978
0.068447
0.123186
0.079472
0.191077
0.002331
0.000817
 0.00145
0.020388
 0.28979
 0.34775
0.026587
 0.00217
0.001394
0.057057
0.046126
0.021644
0.030508
0.100245
0.113745
0.033928
0.004721
0.027946
       0
       0
0.003105
0.039784
0.150721
0.145448
0.023363
0.002527
       0
0.003321
0.001165
0.002065
0.029045

 0.41284
 0.49541
0.037877
0.003092
0.001986
       0
0.001218
0.002014
0.005145
0.610188
0.362863
0.007196
0.000776
       0
       0
       0
0.002943
0.037714
0.142877
0.137879
0.022147
0.002396
       0
       0
       0
0.002918
0.012835
0.168151
0.168963
0.026638
0.001702
       0
       0
0.001154
 0.00191
0.004877
0.578434
0.343981
0.006822
0.000736
       0
0.001472
0.001115
0.005032
0.012596
0.403399
0.533316
0.024045
0.005585
0.000784
       0
       0
0.002908
0.012792
0.167585
0.168394
0.026548
0.001696
       0
       0
0.000653
0.004181
 0.02077
0.131518
0.194231
0.007586
       0
       0
0.001467
0.001111
0.005015
0.012553
0.402042
0.531522
0.023965
0.005566
0.000782
0.004836
       0
0.002234
0.026203
0.483049
0.455473
0.026213
       0
0.003314
       0
  0.0007
0.004479
 0.02225
0.140887
0.208068
0.008126
       0
       0
       0
       0
       0
0.002573
0.131051
0.169024
0.028321
0.001092
       0
0.005181
       0
0.002393
0.028069
0.517461
 0.48792
 0.02808
       0
 0.00355
       0
0.001211
 0.00997
0.014475
 0.37578
0.489634
0.029484
0.011761
       0
       0
       0
       0
0.007934
0.372057
0.660406
0.034018
0.010751
       0
 0.00313
0.008741
0.020099
0.091255
0.344579
0.421888
0.144185
 0.03116
0.006783
0.007607
0.022175
0.024166
0.035931
0.119164
0.109363
0.028954
 0.01611
0.006842
0.011751
0.015272
0.024696
0.060749
0.136189
0.200921
0.053099
  0.0233
0.008568
0.003045
0.008505
0.019557
0.088792
0.335282
0.410505
0.140294
0.030319
  0.0066
 0.00635
 0.01403
0.016921
0.023642
0.474565
0.608072
0.022624
0.002415
0.003468
0.011434
 0.01486
 0.02403
 0.05911
0.132514
  0.1955
0.051666
0.022671
0.008337
0.077331
0.045826
0.021289
 0.02873
0.071187
  0.0712
0.041949
0.036517
0.086357
0.005052
0.011162
0.013462
 0.01881
0.377563
0.483781
    0.018
0.001922
0.002759
0.009868
0.019266
0.030603
0.029545
0.426703
0.241402
0.052265
0.108095
    0.073
0.061525
0.036459
0.016937
0.022857
0.056637
0.056647
0.033375
0.029053
0.068705
0.347661
 0.07178
0.042641
0.044171
0.128626
0.135781
 0.08471
0.208848
0.354155
0.010036
0.019595
0.031126
 0.03005
    0.434
 0.24553
0.053159
0.109943
0.074249
0.195558
0.166349
0.129436
0.137815
 0.05104
0.084363
0.037186
0.025047
0.110036
0.353606
0.073007
 0.04337
0.044927
0.130825
0.138103
0.086158
 0.21242
0.360211
0.049028
0.023967
0.009754
0.246292
0.186149
0.075332
0.309935
0.209737
0.078828
0.173494
0.147581
0.114833
0.122266
0.045281
0.074845
0.032991
0.022221
0.097621
0.035548
0.030267
0.050404
0.497513
0.374073
 0.07827
0.081331
0.051091
0.060107
0.043496
0.021263
0.008653
0.218504
0.165146
0.066833
0.274966
0.186073
0.069934
0.200495
0.179753
0.318092
0.274182
0.182379
0.055109
0.052873
0.020984
0.068268
0.028531
0.024292
0.040455
0.399312
0.300237
0.062821
0.065278
0.041007
0.048243
0.291815
0.220425
0.110599
 0.20784
0.151009
0.072801
0.131022
0.084526
 0.20323
 0.16092
0.144272
0.255306
0.220062
 0.14638
0.044232
0.042437
0.016842
0.054793
0.005349
0.028325
0.303249
0.369535
0.182108
0.030042
0.005208
0.005423
0.001514
0.272653
 0.20595
0.103336
0.194192
0.141092
 0.06802
0.122418
0.078976
0.189885
0.002316
0.000812
0.001441
0.020261

0.287982
 0.34558
0.026421
0.002157
0.001385
0.004998
0.026465
0.283335
0.345268
0.170149
0.028069
0.004866
0.005066
0.001415
0.025275
0.067428
0.311019
0.375356
0.272105
0.048089
0.015524
0.004224
0.011563
0.002624
 0.00092
0.001632
0.022949
0.326193
0.391433
0.029927
0.002443
0.001569
       0
0.000962
0.001592
0.004065
0.482121
0.286705
0.005686
0.000613
       0
0.028629
0.076374
0.352287
 0.42516
0.308209
 0.05447
0.017584
0.004785
0.013098
0.003764
0.014826
0.024309
0.045719
0.059261
0.059972
 0.05913
0.022191
0.015759
       0
0.001199
0.001983
0.005065
0.600709
0.357226
0.007085
0.000764
       0
0.001528
0.001158

0.005226
0.013081
0.418933
0.553853
0.024971
  0.0058
0.000814
 0.00469
0.018473
0.030288
0.056964
0.073838
0.074723
0.073675
0.027649
0.019635
 0.00844
0.011944
0.026984
0.050509
0.034981
0.020083
0.022113
 0.02349
0.006175
0.001546
0.001171
0.005284
0.013227
0.423638
0.560074
0.025252
0.005865
0.000824
0.005096
       0
0.002354
 0.02761
0.508997
 0.47994
0.027621
       0
0.003492
0.008534
0.012078
0.027287
0.051077
0.035374
0.020309
0.022362
0.023754
0.006245
0.004479
0.014538
0.015453
0.039715
0.056958
0.052623
0.022303
 0.00648
0.006295
0.005448
       0
0.002517
0.029519
0.544188
0.513122
0.029531
       0
0.003734
       0
0.001274
0.010485
0.015223
0.395189
0.514923
0.031007
0.012368
       0
0.004789
0.015544
0.016521
0.042461
0.060896
0.056261
0.023845
0.006927
 0.00673
0.005067
0.001866
0.010578
0.019719
0.058173
0.026005
0.029618
0.024101
0.008337
0.015598
0.045468
0.049549
0.073672
0.244333
0.224237
0.059367
0.033031
0.014028
0.024094
0.031313
0.050637
0.124559
 0.27924
0.411966
0.108874
0.047774
0.017568
0.061301
0.021229
0.024936
0.189556
 0.22002
0.141847
0.098842
0.072966
0.042507
 0.02405
0.023479
0.112988
0.168409
0.409086
0.476035
 0.15199
 0.08594
0.018492
0.021986
0.028573
0.046206
0.113659
0.254804
0.375916
0.099347
0.043593
0.016031
0.148696
0.088117
0.040935
0.055242
0.136882
0.136907
0.080662
0.070217
0.166051
0.021945
0.021425
0.103101
0.153672
0.373289
0.434379
 0.13869
0.078419
0.016874
0.106432
0.081428
0.227574
0.183771
0.219969
0.149966
0.202618
0.220209
0.038233
0.045039
 0.02669
0.012399
0.016733
0.041461
0.041468
0.024432
0.021268
0.050296
0.254506
0.052547
0.031216
0.032336
0.094161
0.099399
0.062012
0.152888
 0.25926
0.032238
0.024664
0.068931
0.055663
0.066628
0.045424
0.061372
  0.0667
0.011581
 0.77713
0.243778
0.041758
0.052247
0.076415
0.006295
0.007984
0.016386
0.329663
0.239442
0.049436
0.029368
0.030422
0.088587
0.093515
0.058342
0.143838
0.243914
0.033199
0.016229
0.006605
0.166775
0.126049
0.051011
 0.20987
0.142022
0.053378
0.731132
0.229348
0.039286
0.049155
0.071892
0.005923
0.007511
0.015416
 0.31015
 0.01769
0.014121
0.026594
0.090748
0.119426
0.032821
0.057896
0.042863
0.026241
0.039835
0.019473
0.007925
0.200114
0.151247
0.061208
0.251825
0.170413
0.064048
0.183621
0.164624
0.291321
0.251106
 0.16703
0.050471
0.048423
0.019218
0.062522
0.021226
0.016944
 0.03191
0.108889
  0.1433
0.039382
 0.06947
0.051431
0.031486
0.405003
0.254948
0.029726
0.043075
0.075808
0.061314
0.119872
0.322797
0.430042
0.147031
0.131819
0.233269
0.201068
0.133746
0.040414
0.038774
0.015389
0.050063
0.004887
 0.02588
0.277074
0.337638
0.166389
0.027449
0.004758
0.004954
0.001383
0.324298
0.204144
0.023803
0.034491
0.060702
0.049096
0.095985
0.258473
0.344347
0.197477
0.328118
0.137793
0.043294
0.032765
  0.0415
0.101625
0.135293
0.272407
0.004762
0.025217
0.269972
0.328984
0.162124
0.026745
0.004636
0.004827
0.001348
0.024083
0.064248
 0.29635
0.357653
0.259271
0.045821
0.014792
0.004025
0.011018
0.192415
0.319708
0.134261
0.042184
0.031925
0.040436
0.099021
0.131826
0.265425
0.162831
0.083389
 0.04834
0.041474
0.065979
0.022846
0.011175
  0.0904
0.437069
0.032191
0.085879
0.396128
 0.47807
0.346565
0.061249
0.019772
 0.00538
0.014728
0.004232
0.016671
0.027334
0.051408
0.066636
0.067435
0.066489
0.024952
 0.01772
0.217654
0.111465
0.064616
0.055438
0.088194
0.030538
0.014937
0.120836
0.584225
0.033688
0.036434
0.018176
0.041765
0.102111
0.115296
 0.02118
0.018035
0.051602
 0.01632
0.064288
0.105408
0.198245
0.256968
 0.26005
  0.2564
0.096223
0.068334
0.029371
0.041567
0.093909
0.175781
 0.12174
0.069892
0.076958
0.081749
0.021491
0.129908
0.140501
0.070091
0.161058
0.393766
0.444611
0.081674
0.069547
0.198991
0.036436
0.039758
0.160245
0.108295
0.246451
0.252914
0.120492
0.057864
0.050897

0.032126
0.045465
0.102716
0.192266
0.133157
0.076446
0.084175
0.089415
0.023507
0.016861
0.054726
0.058168
0.149499
0.214403
0.198086
0.083953
 0.02439
0.023697
0.039853
0.043486
0.175273
 0.11845
0.269563
0.276632
0.131792
 0.06329
 0.05567
0.089766
0.076856
0.089828
0.175254
0.520283
0.481632
0.055372
0.059155
0.062308
0.017831
0.057877
0.061517
0.158105
0.226746
0.209491
0.088786
0.025795
0.025061
0.018867
0.006947
0.039386
0.073424
 0.21661
 0.09683
0.110284
 0.08974
0.031043
0.094934
0.081281
    0.095
0.185344
0.550236
 0.50936
 0.05856
0.062561
0.065895
0.033159
0.041083
0.084531
0.100427
0.170264
 0.19677
0.186303

0.144712
 0.04457
0.040007
0.013855
0.016274
0.123711
0.143593
0.092574
0.064507
 0.04762
0.027741
0.015696
0.015324
 0.07374
0.109909
0.266984
0.310677
0.099194
0.056087
0.012068
0.013325
0.025885
0.035015
 0.16031
 0.37136
0.423404
 0.16182
0.055175
0.018521
0.043774
 0.01996
0.050931
0.173895
0.469309
 0.28899
0.163095
0.084265
0.013445
0.017192
0.016785
0.080772
 0.12039
0.292444
0.340304
0.108653
0.061436
0.013219
0.083382
0.063793
0.178288
 0.14397
 0.17233
0.117487
0.158736
0.172517
0.029953
0.047948
0.021864
0.055788
0.190478
0.514063
0.316548
0.178648
0.092301
0.014727
0.025402
0.067352
0.062682
0.146939
0.233246
0.201569
0.135794
0.077604
0.030695
0.034638
  0.0265
0.074064
0.059808
0.071589
0.048806
0.065942
0.071667
0.012443
0.834995
0.261929
0.044867
0.056138
0.082105
0.006764
0.008578
0.017607
0.354209
0.010552
0.027979
0.026039
0.061041
0.096894
0.083735
0.056411
0.032238
0.012751
0.052452
0.045077
0.076713
0.119648
0.078131
0.058763
0.065032
0.048103
0.033163
  0.8304
0.260488
 0.04462
0.055829
0.081653
0.006727
0.008531
 0.01751
 0.35226
0.020091
0.016039
0.030204
0.103069
0.135641
0.037277
0.065757
0.048682
0.029804
0.052163
0.044829
0.076291
 0.11899
0.077701
0.058439
0.064675
0.047839
0.032981
0.011221
0.019857
0.031723
0.053866
0.092281
0.096972
0.030247
0.031936
0.026914
0.024608
0.019644
0.036994
0.126238
0.166132
0.045657
0.080539
0.059626
0.036503
0.469532
0.295569
0.034463
0.049938
0.087887
0.071084
0.138971
0.374229
0.498562
0.013743
 0.02432
0.038854
0.065974
0.113025
0.118771
0.037046
0.039115
0.032964
 0.06064
0.067672
 0.05164
0.116463
0.167284
0.109616
 0.15249
  0.2577
0.129536
0.334248
0.210408
0.024533
 0.03555
0.062564
0.050603
 0.09893
0.266404
0.354913
0.203536
0.338185
 0.14202
0.044622
 0.03377
0.042773
0.104743
0.139445
0.280765
0.043168
0.048174
0.036761
0.082907
0.119085
0.078033
0.108554
 0.18345
0.092213
0.029323
 0.03594
0.126661
0.087381
0.196522
0.367509
0.133592
0.027515
0.184486
0.211639
 0.35165
0.147675
0.046399
0.035115
0.044476
0.108914
0.144996
0.291944
0.179099
 0.09172
 0.05317
0.045617
0.072571
0.025129
0.012291
0.099432
0.480736
 0.03049
0.037371
0.131704
 0.09086
0.204347
0.382141
0.138911
 0.02861
0.191831
0.066255
0.028672
  0.0324
0.040973
0.051632
0.063012
 0.13305
 0.16857
0.245959
0.267941
0.137217
0.079544
0.068246
 0.10857
0.037594
0.018388
0.148754
0.719204
0.041471
0.044852
0.022375
0.051415
0.125702
0.141934
0.026073
0.022201
0.063524
0.099121
0.042895
0.048472
0.061297
0.077244
 0.09427
0.199049
0.252188
0.367967
0.033757
0.014889
 0.08901
0.055918
0.032403
0.061563
0.046444
0.054238
 0.06204
0.123872
0.133973
0.066834
0.153574
0.375469
0.423952
0.077879
0.066315
0.189745
0.034743
 0.03791
0.152799
0.103263
0.234999
0.241162
0.114894
0.055175
0.048532
 0.10083
0.044473
0.265872
0.167025
0.096787
0.183887
0.138727
0.162006
0.185311
0.033316
0.035482
0.061439
 0.10579
0.230915
0.290227
0.078226
0.083148
0.034251
0.036846
0.040205
0.162049
0.109514
0.249224
 0.25576
0.121848
0.058515
 0.05147
0.082994
0.071057
0.083051
0.162031
0.481028
0.445293
0.051194
0.054692
0.057607
0.035333
 0.03763
0.065159
0.112194
0.244893
0.307795
0.082962
0.088181
0.036324
0.043273
0.102538
0.096908
0.181202
0.217915
0.051973
0.130333
0.116959
0.031324
0.085661
0.073341
 0.08572
0.167238
0.496486
0.459603
0.052839
 0.05645
0.059458
0.029919
 0.03707
0.076274
0.090617
0.153631
0.177548
0.168104
0.130576
0.040216
0.044663
0.105833
0.100022
0.187025
0.224918
0.053643
0.134522
0.120717
0.032331
0.149431
0.109078
0.152257
0.228663
0.163513
0.154218
0.116551
0.109282
0.187797
0.014242
0.027666
0.037424
 0.17134
0.396912
0.452536
0.172955
0.058972
0.019795
0.046786
0.021333
0.054435
0.185861
0.501601
0.308874
0.174317
0.090063
 0.01437
0.025624
0.055162
0.053098
 0.09872
0.066813

0.084037
0.156489
0.024716
0.050421
0.038978
0.060393
0.103588
0.126055
0.129109
 0.15873
0.122501
0.041292
0.022497
0.055448
0.025283
0.064514
0.220273
0.594472
0.366062
0.206591
0.106738
 0.01703
0.029375
0.077887
0.072486
0.169923
 0.26973
0.233098
0.157035
0.089743
0.035496
0.046194
0.071575
0.122767
0.149394
0.153013
0.188118
0.145182
0.048937
0.026663
0.080923
0.057115
0.058229
0.067913
 0.07326
0.068012
0.141275
0.136038
0.076292
0.034536
 0.09157
 0.08522
0.199774
0.317114
0.274047
0.184622
0.105508
0.041732
0.171663
0.147527
0.251064
0.391583
0.255707
0.192318
0.212837
0.157432
0.108537
0.095139
0.067148
0.068458

0.079844
 0.08613
 0.07996
0.166093
0.159936
0.089695
0.036816
0.089377
0.141172
0.152631
 0.12723
0.213792
0.169738
0.136589
 0.08492
0.153879
0.132243
0.225054
0.351015
0.229216
0.172393
0.190787
0.141122
0.097292
0.033101
0.058576
0.093582
0.158902
0.272225
0.286064
0.089227
0.094209
0.079394
0.033001
0.080118
0.126546
0.136818
0.114048
0.191643
0.152152
0.122438
0.076123
0.022472
0.026081
0.049404
0.187912
 0.34412
0.232206
0.229199
0.139255
 0.01444
0.023948
0.042379
0.067705
0.114962
0.196949
0.206962
0.064554
0.068158
 0.05744
0.105666
0.117921
0.089983
0.202939
0.291495
0.191008
0.265718
0.449048
 0.22572
0.016258
0.018869
0.035743
0.135951
0.248964
0.167996
 0.16582
0.100748
0.010447
0.032174
0.002925
0.047999
 0.09005
0.367412
0.228249
0.125443
0.048346
0.046162
0.068312
0.076234
0.058173
0.131198
0.188449
0.123485
0.171784
0.290304
0.145925
0.046402
0.056875
0.200438
0.138278
0.310992
0.581574
0.211406
0.043541
0.291945
  0.0208
0.001891
0.031031
0.058217
0.237528
0.147561
0.081098
0.031255
0.029843
0.041033
0.027094
0.048216
0.108771
0.148119
0.095716
0.060441
0.082165
0.046147
0.045685
0.055995
0.197338
 0.13614
0.306182
 0.57258
0.208137
0.042868
0.287429
0.099273
 0.04296
0.048547
0.061391
0.077363
0.094414
0.199355
0.252576
0.368532
0.040398
0.026675
0.047471
0.107088
0.145828
0.094236
0.059506
0.080895
0.045433
0.036804
0.043552
0.095442
0.120654
0.064763
0.137559
0.063132
0.049035
0.032692
0.163349
 0.07069
0.079882
0.101016
0.127297
0.155355
 0.32803
0.415603
0.606404
 0.05563
0.024537
0.146688
0.092152
  0.0534
0.101455
0.076539
0.089383
0.102241
0.060559
0.071663
0.157047
0.198532
0.106565
0.226347
0.103881
0.080685
0.053793
0.026652
0.047315
0.080409
0.076499
0.060782
0.062772
0.066437
0.052471
0.080339
0.113651
0.050128
0.299678
0.188263
0.109093
0.207269
0.156366
0.182606
0.208874
0.037553
0.039994
0.069252
0.119242
0.260276
 0.32713
0.088173
 0.09372
0.038606
 0.05445
0.096663
0.164273
0.156285
0.124175
 0.12824
0.135729
0.107196
 0.16413
0.080009
0.071495
0.222811
0.334136
0.226552
 0.30038
0.122317
0.017857
0.078301
0.032308
0.034409
0.059581
0.102589
0.223928
0.281446
0.075859
0.080632
0.033215
0.039568
 0.09376
0.088612
0.165689
 0.19926
0.047524
0.119176
0.106946
0.028643
0.068835
0.061511
0.191695
0.287474
0.194914
0.258431
0.105235
0.015363
0.067366
0.032995
0.036844
0.036156
0.063394
0.299853
0.517827
 0.31112
0.082734
0.094294
0.039584
0.093798
0.088648
0.165757
0.199341
0.047543
0.119224
 0.10699
0.028654
0.132439
0.096674
0.134943
 0.20266
0.144919
0.136681
0.103297
0.096855
0.166441
0.033008
0.036859
0.036171
 0.06342
0.299975
0.518037
0.311247
0.082767
0.094333
0.061507
 0.08126
0.021802
0.054946
0.158783
0.182554
0.322918
0.188987
0.145112
0.049805
0.107218
0.103206
0.191881
0.129862
0.163341
0.304165
0.048039
0.098003
 0.07576
0.117385
0.201341
 0.24501
0.250946
 0.30852
0.238102
0.080258
0.043728
0.096493
0.177947
0.115755
0.173481
0.187706
0.153398
0.182406
0.070079
0.111759
0.083574
0.098245
0.113966
0.178908
0.161547
0.369434
0.093501
0.096849
0.105102
0.068917
0.106782
0.183155
 0.22288
 0.22828
0.280653
0.216596
0.073008
0.039778
0.120729
0.085209
0.086872
 0.10132
0.109296
0.101466
0.210767
0.202955
 0.11382
0.076025
0.089371
0.103672
0.162749
0.146955
0.336066
0.085056
0.088101
0.095609
0.017145
0.058885
0.131127
  0.2575
0.392165
0.282091
0.149702
0.044634
0.027479
  0.1223
0.086318
0.088002
0.102638
0.110718
0.102787
0.213509
0.205595
0.115301
0.047326
0.114893
0.181474
0.196204
0.163551
0.274826
0.218195
0.175583
0.109164
0.017369
0.059652
0.132833
 0.26085
0.397267
0.285761
 0.15165
0.045215
0.027837
0.096896
 0.08945
0.177311
0.170589
0.133316
0.183423
0.208318
0.093142
0.139906
0.042569
0.103346
0.163235
0.176485
0.147114
0.247205
0.196265
0.157936
0.098192
0.028988

0.033642
0.063728
0.242392
0.443888
0.299528
0.295649
0.179628
0.018627
0.087157
 0.08046
 0.15949
0.153444
0.119917
0.164988
0.187381
0.083781
0.125845
0.099382
0.068624
0.091105
0.142885
0.083447
0.139965
0.186265
0.116287
0.146971
0.023035
0.026733
0.050641
0.192615
0.352732
0.238017
0.234934
 0.14274
0.014801
0.045584
0.004145
0.068004
0.127583
0.520549
0.323383
0.177728
0.068496
0.065403
0.078973
0.054531
0.072396
0.113542
 0.06631
0.111222
0.148014
0.092407
0.116789
0.205189
0.276989
0.118735
0.085439
0.072374
0.048812
0.060878
0.093047
0.121339
0.043002
 0.00391
0.064152
0.120355
0.491057
0.305062
0.167659
0.064616
0.061697
0.084829
0.056013
0.099681
0.224869
0.306216
0.197881
0.124953
0.169866
0.095402
0.193564
0.261296
0.112008
0.080599
0.068274
0.046046
0.057429
0.087775
0.114465
0.085611
 0.05558
0.014109
 0.10892
0.287998
0.176246
0.215482
0.076741
 0.08622
0.090807
 0.05996
0.106705
0.240714
0.327794
0.211825
0.133758
0.181836
0.102125
0.082727
0.097897
0.214536
0.271208
0.145575
0.309206
0.141909
0.110222
0.073485
0.091643
0.059496
0.015103
0.116595
0.308292
0.188666
0.230666
0.082148
0.092296
0.055843
0.071491
0.184219
0.120754
0.098461
0.264373
0.206288
0.079473
0.067473
0.080272
0.094991
0.208169
0.263159
0.141254
0.300029
0.137697
0.106951
0.071304
0.035328
0.062717
0.106584
0.101402
0.080568
0.083206
0.088064
0.069551
0.106492
0.054185
0.069369
0.178752
 0.11717
0.095538
0.256527
0.200166
0.077114
0.065471
0.025894
0.052159
0.082882
0.119384
0.368691
0.541871
0.167469
0.033827
0.019955
0.031538
0.055989
 0.09515
0.090523
0.071924
0.074279
0.078617
 0.06209
0.095067
0.046342
0.041411
0.129056
0.193538
0.131223
0.173985
0.070848
0.010343
0.045353
0.023116
0.046563
0.073991
0.106576
0.329138
0.483739
0.149503
0.030198
0.017814
0.058488
0.068062
0.084772
0.047362
  0.3402
0.552398
0.081288
0.056615
0.050833
0.043536
0.038904
0.121241
0.181818
0.123277
0.163449
0.066558
0.009716
0.042607
0.020868
0.023303
0.022868
0.040095
0.189647
0.327508
0.196773
0.052326
0.059638
0.054946
 0.06394
0.079638
0.044494
0.319599
0.518946
0.076366
0.053187
0.047755
0.042818
0.034398
 0.04824
 0.05498
0.277338
0.454605
 0.10689
0.059183
 0.06734
0.019428
0.021694
0.021289
0.037327
0.176556
0.304901
0.183191
0.048714
0.055521
0.036201
0.047827
0.012832
0.032339
0.093455
0.107446
 0.19006
0.111232
0.085409
0.039862
0.032024
 0.04491
0.051185
0.258194
0.423225
0.099512
0.055098
0.062692
0.006476
0.011927
0.017171
0.052442
 0.49182
0.457717
0.159919
0.055435
0.010211
0.067741
0.124923
0.081263
0.121788
0.131774
0.107689
0.128054
0.049197
0.078458
0.058671
 0.06897
0.080007
0.125598
 0.11341
0.259352
 0.06564
 0.06799
0.073784
0.033674
0.097048
0.056222
0.108252
0.273903
0.302216
0.201771
 0.11814
0.021739
0.070073
0.020665
0.061157
0.157929
0.312588
0.568143
0.239449
0.119844
0.080077
0.040941
0.048128
0.055829
0.087642
0.079137
0.180976
0.045804
0.047444
0.051487
0.009233
0.031711
0.070614
0.138667
0.211186
0.151909
0.080617
0.024036
0.014798
0.048897
 0.01442
0.042676
0.110203
0.218124
 0.39645
0.167087
0.083627
0.055878
0.063145
0.012689
0.012472
0.153009
0.549203
0.459059
0.184876
0.064527
0.033932
0.009081
0.031187
0.069447
0.136377
0.207698
0.149401
0.079285
0.023639
0.014553
0.050659
0.046766
0.092701
0.089187
  0.0697
0.095897
0.108912
0.048696
0.073145
0.062102
0.012479
0.012266
0.150482
0.540132
0.451477
0.181823
0.063461
0.033372
 0.08842
0.044933
  0.0438
0.120078
0.309111
0.342763
0.186935
0.093853
0.067252
0.063325
0.058459
0.115879
0.111486
0.087127
0.119874
0.136143
0.060872
0.091434
0.072207
 0.04986
0.066194
0.103814
0.060629
0.101693
0.135333
 0.08449
0.106784
0.110528
0.056167
0.054751
0.150101
0.386398
0.428465
0.233675
0.117319
0.084067
0.054409
0.057653
0.069863
0.170451
0.324616
0.385181
0.278976
0.133997

 0.03821
0.077706
0.053657
0.071235
 0.11172
0.065246
0.109437
0.145639
0.090924
0.114916
0.201897
0.272545
 0.11683
0.084068
0.071213
0.048028
0.059901
0.091554
0.119393
0.058553
0.062044
0.075183
0.183432
0.349336
0.414514
0.300221
0.144201
0.041119
0.191795
0.260786
0.214088
0.164565
0.121162
0.190225
0.194528
0.115778
0.111235
0.189192
0.255394
0.109478
0.078778
0.066732
0.045006
0.056131
0.085793
0.111879
0.083677
0.054324
 0.01379
0.106459
0.281493
0.172265
0.210615
0.075007
0.084273
0.179725
0.244375
0.200615
 0.15421
0.113538
0.178254
0.182286
0.108493
0.104235
0.248957
0.178103
0.109043
0.194142
0.226891
0.149203
0.206613
  0.1832
0.337573
0.069439
0.045081
0.011444
0.088345
0.233597
0.142954
0.174779
0.062245
0.069934
0.042313
0.054169
0.139585
0.091497
0.074605
0.200319
0.156307
0.060217
0.051125
0.206597
0.147799
0.090489
0.161108
0.188285
0.123816
0.171458
0.152028
0.280134
 0.02232
0.018665
0.037145
0.184401
0.531282
 0.38477
0.107474
0.039689
0.042966
0.036809
0.047124
 0.12143
0.079597
0.064902
0.174265
0.135977
0.052385
0.044476
0.017591
0.035433
0.056304
  0.0811
0.250461
0.368106
0.113766
0.022979
0.013556
0.019417
0.016237
0.032314
0.160418
0.462183
0.334726
0.093496
0.034527
0.037377
0.023724
0.016465
0.052695
0.083922
0.432901
0.348668
0.071344
0.071238
0.012445
0.016736
0.033711
0.053567
0.077158
0.238286
0.350213
0.108236
0.021862
0.012897
0.042344
0.049275
0.061372
0.034289
0.246295
 0.39992
 0.05885
0.040988
0.036802
0.022571
0.015664
0.050134
0.079843
0.411858
0.331719
0.067876
0.067775
 0.01184
0.054107
0.047729
0.138067
0.184072
0.286057
0.282188
0.203786
0.013468
0.041774
0.047213
0.054941
0.068429
0.038232
0.274617
0.445907
0.065618
0.045701
0.041034
0.036791
0.029557
 0.04145
0.047242
0.238304
0.390622
0.091846
0.050853
0.057862
0.060329
0.053217
0.153944
0.205238
 0.31895
0.314637
0.227219
0.015016
0.046578
0.036208
0.056342
0.019408
0.042177
0.144708
0.198332
0.181669
0.208584
0.076762
0.038819
0.031186
0.043734
0.049845
0.251434
0.412146
0.096907
0.053656
0.061051
0.006307
0.011615
0.016721
0.051069
0.478945
0.445735
0.155732
0.053984
0.009944
0.038204
0.059447
0.020477
0.044501
0.152682
 0.20926
0.191679
0.220077
0.080991
 0.05334
0.062911
0.043901
0.095427
0.195882
0.117569
0.149995
0.161782
 0.02681
0.032676
0.094172
0.054556
0.105044
0.265785
0.293259
0.195791
0.114639
0.021094
0.067996
0.020052
0.059345
0.153249
0.303324
0.551305
0.232352
0.116292
0.077704
0.016592
0.044756
0.042319
0.128784
 0.15902
 0.14129
0.048654
 0.04985
0.089237
0.083047
0.048848
 0.10907
0.180795
0.172416
 0.13205
0.101391
0.162859
0.222286
0.048421
0.014279
 0.04226
 0.10913
0.216001
0.392591
0.165461
0.082813
0.055334
 0.06253
0.012565
0.012351
 0.15152
0.543858
0.454591
0.183077
0.063898
0.033602
0.059139
0.034785
 0.07767
0.128746
 0.12278
0.094035
0.072202
0.115974
0.158292
0.007809
0.039308
0.123655
0.104439
0.090043
0.166472
0.106207
0.072032
 0.04782
0.061285
0.012315
0.012105
0.148504
0.533031
0.445541
0.179432
0.062626
0.032933
0.087258
0.044342
0.043224
0.118499
0.305047
0.338257
0.184478
0.092619
0.066368
0.007653
0.038526
0.121194
 0.10236
 0.08825
0.163158
0.104093
0.070598
0.046868
0.192402
 0.14523
0.096891
0.073006
0.049922
0.070895
0.034983
0.054479
0.102043
0.102657
0.052167
0.050852
0.139412
 0.35888
0.397951
0.217033
0.108964
 0.07808
0.050534
0.053547
0.064887
0.158312
0.301497
 0.35775
0.259108
0.124454
0.035488
0.226356
 0.17086
 0.11399
 0.08589
0.058732
0.083407
0.041157
0.064093
0.120051
0.122421
 0.08498
0.038308
0.125237
0.058065
0.104249
0.161176
 0.11963
 0.22296
0.056879
 0.06027
0.073034
0.178189
0.339351
0.402666
 0.29164
 0.14008
0.039944
0.186313
0.253332
0.207968
0.159862
0.117699
0.184788
0.188968
0.112469
0.108055
0.137792
0.095649
0.043117
0.140961
0.065355
0.117338
0.181412
 0.13465
0.250954
 0.10961
0.121049
0.130237
0.029942
0.063768
0.094711
0.098787
0.143365
0.164161
0.177635
0.241532
0.198281
0.152415
0.112217
0.176181
0.180166
 0.10723
0.103022
0.246061
0.176031
0.107774
0.191883
0.224251
0.147467
0.204209
0.181068
0.333645
0.104505
 0.11541
0.124171
0.028547
0.060798
  0.0903
0.094186
0.136687
0.156514
0.073418
0.170739
0.148206
0.100874
0.155476
0.293496
0.241736
0.101106
0.039002
0.205244
0.146831
0.089897
0.160054
0.187053
0.123005
0.170335
0.151033
0.278301
0.022174
0.018542
0.036902
0.183194
0.527804
0.382251
 0.10677
0.039429
0.042684
0.061239
0.142417
0.123621
0.084141

0.129686
0.244811
0.201637
0.084334
0.032533
0.076913
0.137108
0.086963
  0.0885
0.029844
0.047912
0.097591
0.134226
0.072009
 0.02124
0.017761
0.035346
0.175474
 0.50556
0.366141
 0.10227
0.037768
0.040885
0.025951
 0.01801
0.057641
0.091799
 0.47353
0.381391
 0.07804
0.077924
0.013613
0.073672
 0.13133
0.083298
 0.08477
0.028586
0.045893
0.093478
0.128569
0.068975
0.018345
0.052097
0.107583
0.121179
  0.1542
0.175313
0.053254
0.071862
 0.08735
0.027554
0.019123
0.061202
 0.09747
0.502785
0.404953
0.082861
0.082738
0.014454
0.066052
0.058266
0.168548
 0.22471
 0.34921
0.344487
0.248776
0.016441
0.050997
0.019478
0.055316

0.114229
0.128665
0.163726
0.186144
0.056544
0.076301
0.092746
 0.03074
0.036172
0.057865
0.094419
0.078967
0.145873
0.080697
0.040548
0.024133
0.081254
0.071676
 0.20734
0.276427
0.429581
0.423771
0.306032
0.020225
0.062734
0.048768
0.075885
 0.02614
0.056807
0.194901
0.267125
0.244682
0.280933
0.103387
0.037814
0.044498
0.071183
 0.11615
0.097141
0.179446
 0.09927
 0.04988
0.029688
 0.08355
0.116058
0.051739
0.051363
0.043162
0.081715
0.050121
0.128418
0.075682
0.058911
 0.09167
0.031577
0.068623
0.235441
0.322687
0.295577
0.339367
0.124892
0.082253
0.097011
0.067696
0.147152
0.302057
0.181295
0.231298
0.249475
0.041342
0.100929
0.140198
0.062501
0.062047
0.052139
0.098712
0.060546
0.155129
0.091424
0.185428
0.258066
 0.16584
0.069248
0.061901
0.118574
0.042446
0.135001
0.251819
