0
0
0
0
0
0
0
0
0
0
0
0
0
0
0
0
0
0
0
0
0
0
0
0
0
0
0
0
0
0
0
0
0
0
0
0
0
0
0
0
0
0
0
0
0
0
0
0
0
0
0
0
0
0
0
0
0
0
0
0
0
0
0
0
0
0
0
0
0
0
0
0
0
0
0
0
0
0
0
0
0
0
0
0
0
0
0
0
0
0
0
0
0
0
0
0
0
0
0
0
0
0
0
0
0
0
0
0
0
0
0
0
0
0
0
0
0
0
0
0
0
0
0
0
0
0
0
0
0
0
0
0
0
0
0
0
0
0
0
0
0
0
0
0
0
0
0
0
0
0
0
0
0
0
0
0
0
0
0
0
0
0
0
0
0
0
0
0
0
0
0
0
0
0
0
0
0
0
0
0
0
0
0
0
0
0
0
0
0
0
0
0
0
0
0
0
0
0
0
0
0
0
0
0
0
0
0
0
0
0
0
0
0
0
0
0
0
0
0
0
0
0
0
0
0
0
0
0
0
0
0
0
0
0
0
0
0
0
0
0
0
0
0
0
0
0
0
0
0
0
0
0
0
0
0
0
0
0
0
0
0
0
0
0
0
0
0
0
0
0
0
0
0
0
0
0
0
0
0
0
0
0
0
0
0
0
0
0
0
0
0
0
0
0
0
0
0
0
0
0
0
0
0
0
0
0
0
0
0
0
0
0
0
0
0
0
0
0
0
0
0
0
0
0
0
0
0
0
0
0
0
0
0
0
0
0
0
0
0
0
0
0
0
0
0
0
0
0
0
0
0

0
0
0
0
0
0
0
0
0
0
0
0
0
0
0
0
0
0
0
0
0
0
0
0
0
0
0
0
0
0
0
0
0
0
0
0
0
0
0
0
0
0
0
0
0
0
0
0
0
0
0
0
0
0
0
0
0
0
0
0
0
0
0
0
0
0
0
0
0
0

0
0
0
0
0
0
0
0
0
0
0
0
0
0
0
0
0
0
0
0
0
0
0
0
0
0
0
0
0
0
0
0
0
0
0
0
0
0
0
0
0
0
0
0
0
0
0
0
0
0
0
0
0
0
0
0
0
0
0
0
0
0
0
0
0
0
0
0
0
0
0
0
0
0
0
0
0
0
0
0
0
0
0
0
0
0
0
0
0
0
0
0
0
0
0
0
0
0
0
0
0
0
0
0
0
0
0
0
0
0
0
0
0
0
0
0
0
0
0
0
0
0
0
0
0
0
0
0
0
0
0
0
0
0
0
0
0
0
0
0
0
0
0
0
0
0
0
0
0
0
0
0
0
0
0
0
0
0
0
0
0
0
0
0
0
0
0
0
0
0
0
0
0
0
0
0
0
0
0
0
0
0
0
0
0
0
0
0
0
0
0
0
0
0
0
0
0
0
0
0
0
0
0
0
0
0
0
0
0
0
0
0
0
0
0
0
0
0
0
0
0
0
0
0
0
0
0
0
0
0
0
0
0
0
0
0
0
0
0
0
0
0
0
0
0
0
0
0
0
0
0
0
0
0
0
0
0
0
0
0
0
0
0
0
0
0
0
0
0
0
0
0
0
0
0
0
0
0
0
0
0
0
0
0
0
0
0
0
0
0
0
0
0
0
0
0
0
0
0
0
0
0
0
0
0
0
0
0
0
0
0
0
0
0
0
0
0
0
0
0
0
0
0
0
0
0
0
0
0
0
0
0
0
0
0
0
0
0
0
0
0
0
0
0
      0
      0
      0
      0
      0
      0
      0

       0
       0
       0
       0
       0
       0
       0
       0
       0
       0
       0
0.509223
       0
       0
       0
0.509223
0.541817
0.247202
0.332351
0.127482
       0
       0
       0
       0
       0
       0
       0
       0
       0
       0
       0
       0
       0
       0
       0
       0
       0
       0
       0
       0
       0
       0
       0
       0
       0
       0
       0
0.394656
       0
       0
       0
0.591984
0.617244
0.191585
0.257577
  0.0988
       0
       0
       0
       0
       0
       0
      0
      0
      0
      0
      0
      0
      0
      0

       0
       0
       0
       0
0.279064
       0
       0
       0
0.418596
0.436457
0.135471
0.182134
0.069862
0.279064
0.069862
0.182134
0.135471
0.436457
0.418596
       0
       0
       0
       0
       0
       0
       0
       0
       0
       0
       0
       0
       0
       0
       0
       0
       0
       0
       0
       0
       0
0.279064
0.069862
0.182134
0.135471
0.436457
0.418596
       0
       0
       0
0.279064
       0
       0
       0
0.418596
0.436457
0.135471
0.182134
0.069862
       0
       0
       0
       0
       0
       0
       0
       0
       0
       0
       0
       0
       0
       0
       0
       0
       0
       0
0.279064
       0
       0
       0
0.418596
0.436457
0.135471
0.182134
0.069862
0.279064
0.069862
0.182134
0.135471
0.436457
0.418596
       0
       0
       0
       0
       0
       0
       0
       0
       0
       0
       0
       0
       0
       0
       0
       0
       0
       0
       0
       0
       0
0.394656
  0.0988
0.257577
0.191585
0.617244
0.591984
       0
       0
       0
       0
       0
       0
       0
       0
       0
       0
       0
       0
       0
0
0
0
0
0
0
0
0
0
0
0
0
0
0
0
0
0
0
0
0
0
0
0
0
0
0
0
0
0
0
0
0
0
0
0
0
0
0
0
0
0
0
0
0
0
0
0
0
0
0
0
0
0
0
0
0
0
0
0
0
0
0
0
0
0
0
0
0
0
0
0
       0
       0
       0
       0
       0
       0
       0
       0
       0
       0
       0
       0
       0
       0
       0
       0
       0
       0
       0
       0
       0
       0
       0
       0
       0
       0
       0
0.760638
       0
       0
       0
       0
0.048686
 0.36925
 0.49644
0.190422
       0
       0
       0
       0
       0
       0
       0
       0
       0
       0
       0
       0
       0
       0
       0
       0
       0
       0
0.176965
       0
       0
       0
       0
0.011327
0.085907
0.115498
0.044302
0.338091
0.044302
0.115498
 0.21402
 0.57949
0.590817
0.237361
       0
0.171016
       0
       0
       0
       0
       0
       0
       0
       0
       0
       0
       0
       0
       0
       0
       0
       0
       0
       0
0.309097
0.040503
0.105593
0.195666
0.529794
0.540149
0.217005
       0
 0.15635
       0
       0
       0
       0
0.323577
0.323577
       0
       0
       0
       0
       0
       0
       0
       0
       0
       0
       0
       0
0.150196
       0
       0
       0
0.150196
0.159809
0.072912
0.098027
0.037601
       0
       0
       0
       0
0.300391
0.300391
       0
       0
       0
0.776011
0.037601
0.124578
0.081763
0.234907
0.225294
 0.00885
0.026551
       0
       0
       0
       0
       0
       0
       0
       0
       0
       0
0.060435
       0
       0
       0
0.090653
0.094521
0.029338
0.039444
 0.01513
       0
       0
       0
       0
0.634571
0.634571
       0
       0
       0
0.060435
 0.01513
0.039444
0.029338
0.275827
0.279695
0.058676
0.078888
0.030259
0.105332
       0
       0
       0
0.157999
0.164741
0.051133
0.068747
0.026369
0.105332
0.026369
0.068747
0.051133
0.164741
0.157999
       0
       0
       0
0.105332
0.026369
0.068747
0.051133
0.480738
 0.48748
0.102267
0.137493
0.052739
0.526662
0.026369
0.068747
0.051133
0.164741
0.157999
       0
       0
       0
0.116498
0.029165
0.076034

0.056554
0.182204
0.174748
       0
       0
       0
0.116498
       0
       0
       0
0.174748
0.182204
0.056554
0.076034
0.029165
0.582492
0.029165
0.076034
0.056554
0.182204
0.174748
       0
       0
       0
0.582492
       0
       0
       0
0.174748
0.182204
0.056554
0.076034
0.029165
0.134479
       0
       0
       0
0.201719
0.210327
0.065283
 0.08777
0.033666
0.134479
0.033666
 0.08777
0.065283
0.210327
0.201719
       0
       0
       0
0.672397
       0
       0
       0
0.201719
0.210327
0.065283
 0.08777
0.033666
0.336198
0.067333
0.056675
0.049434
0.221533
0.212926
       0
       0
       0
0.161021

0.040311
0.105093
0.078167
0.251838
0.241532
       0
       0
       0
       0
       0
       0
       0
       0
       0
       0
       0
       0
0.402553
0.080622
0.067861
0.059191
0.265257
 0.25495
       0
       0
       0
       0
0.080622
 0.23865
0.251318
0.482546
0.402553
       0
       0
       0
       0
       0
       0
       0
       0
       0
       0
       0
       0
       0
       0
       0
       0
       0
       0
       0
       0
       0
       0
0.036037
0.106673
0.112335
0.215691
0.179936
       0
       0
       0
0.091755
0.103876
       0
       0
0.593787
0.673413
0.245905
 0.10028
       0
       0
       0
       0
       0
       0
       0
       0
       0
       0
       0
       0
       0
       0
       0
       0
       0
       0
       0
0.044494
0.050372
       0
       0
 0.28794
0.326553
0.119244
0.048628
       0
       0
       0
       0
       0
0.628233
0.628233
       0
       0
       0
       0
       0
       0
       0
       0
       0
       0
       0
       0
0.032947
       0
       0
       0
       0
0.002109
0.015994
0.021504
0.008248
       0
       0
       0
       0
0.593055
0.593055
       0
       0
       0
0.192194
0.014467
0.022747
 0.14994
0.343522
0.340765
0.010286
0.015679
0.008248
0.043238
       0
       0
       0
       0
0.002768
 0.02099
 0.02822
0.010824
0.082606
0.010824
 0.02822
0.052292
0.141587
0.144355
0.057995
       0
0.041784
0.252221
0.018985
0.029851
0.196771
0.450814
0.447196
0.013499
0.020576
0.010824
 0.29146
0.063281
0.071727
0.060422
0.161992
0.528293
0.168381
0.034958
0.010824
0.059278
0.007768
0.020251
0.037525
0.101603
0.103589
0.041617
       0
0.029985
       0
       0
       0
       0
0.062055
0.062055
       0
       0
       0
0.209152
 0.04541
0.051471
0.043359
0.116246
0.379104
0.120831
0.025086
0.007768
       0
       0
0.014337
 0.05164
0.484602
0.708944
0.006911
       0
       0
       0
       0
       0
       0
0.053777
0.053777
       0
       0
       0
0.138924
0.006731
0.022302
0.014637
0.042054
0.040333
0.001584
0.004753
       0
       0
       0
0.012425
0.044751
0.419956
0.614371
0.005989
       0
       0
       0
       0
       0
       0
0.416773
0.488978
0.028292
0.031485
0.011806
       0
       0
       0
       0
 0.58345
 0.58345
       0
       0
       0
0.055567
0.013911
0.036266
0.026975
0.253607
0.257163
0.053949
0.072533
0.027822
       0
       0
       0
       0
0.194483
0.194483
       0
       0
       0
       0
       0
       0
       0
0.222267
0.222267
       0
       0
       0
0.092468
0.023149
 0.06035
0.044888
0.422022
0.427941
0.089776
  0.1207
0.046298
0.462338
0.023149
 0.06035
0.044888
 0.14462
0.138701
       0
       0
       0
       0
       0
       0
       0
 0.36987
 0.36987
       0
       0
       0
       0
       0
0.016346
0.075098
0.200982
0.138701
       0
       0
       0
 0.57164
0.028621
0.074618
  0.0555
 0.17881
0.171492
       0
       0
       0
 0.57164
       0
       0
       0
0.171492
 0.17881
  0.0555
0.074618
0.028621
       0
       0
0.020211
0.092852
0.248496
0.171492
       0
       0
       0
       0
       0
       0
       0
0.228656
0.228656
       0
       0
       0
0.653975
       0
       0
       0
0.196192
0.204564
0.063494
0.085365
0.032744
0.326987
0.065488
0.055122
 0.04808
0.215464
0.207092
       0
       0
       0
       0
       0
       0
       0
 0.26159
 0.26159
       0
       0
       0
       0
       0
       0
       0
 0.26159
 0.26159
       0
       0
       0
0.360288
0.072157
0.060736
0.052976
0.237407
0.228183
       0
       0
       0
       0
0.072157
0.213594
0.224931
0.431883
0.360288
       0
       0
       0
       0
       0
       0
       0
0.288231
0.288231
       0
       0

       0
       0
       0
       0
       0
0.288231
0.288231
       0
       0
       0
       0
0.029543
0.087452
0.092094
0.176826
0.147513
       0
       0
       0
0.075222
0.085159
       0
       0
0.486793
0.552072
0.201595
0.082211
       0
       0
       0
       0
       0
 0.11801
 0.11801
       0
       0
       0
0.089664
0.234665
0.057717
0.028644
0.343057
 0.33928
       0
       0
       0
0.036876
0.041748
       0
       0
0.238644
0.270646
0.098829
0.040303
       0
       0
       0
       0
       0
0.520677
0.520677
       0
       0
       0
0.043956
0.115041
0.028295
0.014042
0.168179
0.166328

       0
       0
       0
       0
       0
       0
       0
0.347118
0.347118
       0
       0
       0
       0
       0
       0
       0
0.456111
0.456111
       0
       0
       0
0.147814
0.011126
0.017494
0.115317
0.264199
0.262078
0.007911
0.012059
0.006344
       0
       0
       0
       0
0.304074
0.304074
       0
       0
       0
0.006313
 0.01892
0.069729
0.065316
0.338655
0.316744
       0
       0
 0.01231
0.154297
0.011614
0.018262
0.120375
0.275787
0.273574
0.008258
0.012588
0.006622
0.178301
0.038712
0.043879
0.036963
0.099099
0.323185
0.103008
0.021386
0.006622
 0.00659
0.019749
0.072787
0.068181
0.353509
0.330637
       0
       0
 0.01285
0.024145
0.050487
0.054508
 0.10963
0.478204
0.361238
0.157274
 0.03516
       0
 0.14877
0.032301
0.036612
0.030841
0.082686
0.269658
0.085947
0.017844
0.005525
       0
       0
0.010198
0.036731
0.344698
0.504274
0.004916
       0
       0
0.020146
0.042125
0.045481
0.091473
0.399002
0.301408
0.131225
0.029336
       0
0.022708
 0.09174
0.095476
0.178258
0.356376
 0.18255
 0.13061
0.046584
0.050307
       0
       0
0.009719
0.035005
0.328494
0.480567
0.004685
       0
       0
       0
       0
       0
       0
0.326004
0.382484
 0.02213
0.024628
0.009235
0.021641
0.087427
0.090987
0.169878
0.339623
0.173968
 0.12447
0.044394
0.047942
0.022471
0.041054
0.029757
0.077607
0.309872
0.293864
0.054934
0.002332
0.030543
       0
       0
       0
       0
 0.01296
 0.01296
       0
       0
       0
       0
       0
       0
       0
0.014812
0.014812
       0
       0
       0
0.001993
       0
0.007855
0.023317
0.696497
0.467698
0.010083
 0.00489
0.001786
0.003836
0.003409
0.006576
0.041212
0.445484
  0.3066
0.017737
0.009819
       0
       0
       0
       0
       0
0.023792
0.023792
       0
       0
       0
       0
       0
0.001051
0.004831
0.012928
0.008922
       0
       0
       0
0.006162
0.005475
0.010564
0.066198
 0.71558
0.492491
0.028492
0.015772
       0
0.004179
0.002617
0.005937
0.059449
0.371282
0.310477
0.016206
0.012451
0.010694
       0
       0
 0.00173
0.007948
 0.02127
0.014679
       0
       0
       0
       0
       0
       0
       0
0.019572
0.019572
       0
       0
       0
0.006875
0.004305
0.009767
0.097807
0.610837
0.510801
0.026662
0.020485
0.017595
0.001211
0.035802
0.011798
0.054419
0.445667
0.360045
0.129327
0.057419
0.025191
       0
       0
       0
       0
0.029608
0.029608
       0
       0
       0
       0
       0
       0
       0
0.029608
0.029608
       0
       0
       0
0.001832
0.054161
0.017847
0.082324
0.674199
0.544671
0.195644
0.086862
0.038108
0.059189
0.064238
0.076112
 0.14611
 0.26404
0.281151
0.036071
0.052036
0.020839
       0
       0
       0
       0
0.044443
0.044443
       0
       0
       0
       0
       0
       0
       0
0.044443
0.044443
       0
       0
       0
0.088846
0.096425
0.114248
 0.21932
0.396339
0.422023
0.054145
0.078109
0.031281
 0.01281
0.026997
0.012574
 0.15433
0.311348
0.532705
0.401419
 0.04092
0.012715
       0
       0
       0
       0
0.015515
0.015515
       0
       0
       0
0.011788
0.030852
0.007588
0.003766
0.045102
0.044605

       0
       0
       0
0.004472
0.009425
0.004389
0.053876
 0.10869
0.185965
0.140133
0.014285
0.004439
0.002865
       0
       0
       0
0.280669
0.905094
0.164472
       0
0.003728
0.008526
0.022313
0.005488
0.002724
0.032619
 0.03226
       0
       0
       0
       0
       0
       0
       0
0.067325
0.067325
       0
       0
       0
0.002072
       0
       0
       0
0.202988
0.654589
0.118951
       0
0.002696
       0
       0
0.005196
0.115602
0.697116
0.070331
0.007844
0.000992
       0
       0
       0
       0
       0
0.090438
0.090438
       0
       0
       0
0.001878
0.005627
0.020739
0.019426

0.100723
0.094206
       0
       0
0.003661
       0
       0
0.006979
0.155288
0.936433
0.094476
0.010537
0.001332
       0
0.003146
0.022124
0.014483
0.055127
0.196974
0.102942
0.017872
0.008858
 0.01075
0.004688
0.014048
0.051775
0.048499
0.251459
0.235189
       0
       0
 0.00914
0.017175
0.035913
0.038773
0.077982
0.340158
0.256956
0.111872
 0.02501
       0
0.007855
0.055234
0.036158
0.137627
0.491755
0.256999
0.044618
0.022114
0.026839
0.003136
0.012964
0.045579
 0.05202
0.339939
0.459146
0.076195
0.020819
0.008261
0.015051
0.031473
 0.03398
0.068341
0.298103
0.225189
0.098041
0.021918
       0
0.016966
0.068541
0.071332
 0.13318
0.266256
0.136387
0.097582
0.034804
0.037585
0.002748
0.011361
0.039944
0.045589
0.297912
0.402381
0.066775
0.018245
 0.00724
0.009467
0.016635
0.029934
0.015252
0.371873
0.557609
0.042678
0.028113
 0.03462
 0.01752
 0.07078
0.073663
0.137532
0.274956
0.140843
 0.10077
0.035941
0.038813
0.018192
0.033237
0.024091
 0.06283
 0.25087
 0.23791
0.044475
0.001888
0.024727
0.009777
0.017179
0.030912
0.015751
0.384023
0.575827
0.044072
0.029031
0.035751
0.005676
       0
0.016938
0.070682
0.351495
0.330685
0.096658
0.039173
0.007477
0.000707
       0
0.002786
 0.00827
0.247023
0.165876
0.003576
0.001734
0.000633
0.001361
0.001209
0.002332
0.014616
0.157998
 0.10874
0.006291
0.003482
       0
 0.00011
0.003784
0.023552
0.124085
0.482983
0.272572
0.058496
0.038222
0.005394
0.003941
0.007751
0.018531
 0.08269
 0.60397
0.408915
0.049114
0.056598
0.031615
0.001138
0.001011
 0.00195
0.012221
0.132101
0.090917
 0.00526
0.002912
       0
0.000771
0.000483
0.001096
0.010975
0.068541
0.057316
0.002992
0.002299
0.001974
0.003295
 0.00648
0.015494
0.069137
0.504977
0.341892
0.041064
0.047322
0.026433
       0
0.001408
0.015664
0.081673
0.527074
0.542056
0.076117
0.005962
       0
0.000733
0.000459
0.001041
0.010424
0.065104
0.054442
0.002842
0.002183
0.001875
0.000129
0.003816
0.001257
  0.0058
  0.0475
0.038374
0.013784
 0.00612
0.002685
       0
0.001337
0.014879
0.077577
0.500639
 0.51487
  0.0723
0.005663
       0
       0
       0
0.026791
0.066466
0.536741
0.405155
0.063573
0.002855
       0
 0.00014
0.004151
0.001368
0.006309
0.051669
0.041742
0.014994
0.006657
 0.00292
0.004536
0.004923
0.005833
0.011198
0.020235
0.021547
0.002764
0.003988
0.001597
       0
       0
0.029143
  0.0723
0.583852
0.440716
0.069153
0.003105
       0
0.002299
0.008624
0.042626
0.473399
0.442363
0.159976
0.027634
0.010382
0.003675
 0.00569
0.006176
0.007317
0.014047
0.025384
0.027029
0.003468
0.005003
0.002003
 0.00082
0.001729
0.000805
0.009884
0.019941
0.034118
0.025709
0.002621
0.000814
0.002884
0.010818
0.053471
0.593854
 0.55492
0.200682
0.034666
0.013023
 0.00461
0.003917
0.041856
0.153607
0.293587
0.295435
0.212227
0.215046
0.021573
0.009648
0.001286
 0.00271
0.001262
0.015492
0.031254
0.053475
0.040296
0.004108
0.001276
0.000824
       0
       0
       0
0.080708
0.260265
0.047295
       0
0.001072
 0.00614
0.065605
0.240759
 0.46016
0.463057
0.332638
0.337057
0.033813
0.015122
0.025724
 0.00621
0.014441
0.103335
0.328265
0.283175
0.054672
0.032071
0.011273
 0.00128
       0
       0
       0
0.125381
0.404326
0.073473
       0
0.001665
       0
       0
0.003209
0.071405
0.430593
0.043442
0.004845
0.000613
       0
0.039963
0.009648
0.022434
0.160533
0.509965
0.439915
0.084933
0.049823
0.017514
0.018178
0.026254
0.025251
0.047412
 0.24557
0.232322
0.106577
0.033878
0.026849
       0
       0
0.003308
0.073615
0.443917
0.044786
0.004995
0.000632
       0
0.001491
0.010488
0.006866
0.026133
0.093376
  0.0488
0.008472
0.004199
0.005096
 0.01874
0.027066
0.026033
0.048879
0.253169
0.239511
0.109875
0.034927
 0.02768
0.238448
0.227421
  0.1384
0.234524
0.411841
0.413505
0.163944
0.124432
0.279383
  0.0011
0.007733

0.005062
0.019267
0.068844
0.035979
0.006246
0.003096
0.003757
0.000439
0.001815
0.006381
0.007283
 0.04759
0.064279
0.010667
0.002915
0.001157
0.175803
0.167673
 0.10204
 0.17291
0.303643
0.304869
0.120872
0.091742
0.205984
0.026577
0.029182
0.020122
0.042069
0.428315
0.669051
0.037619
0.020362
0.015846
0.000368
0.001521
0.005347
0.006103
0.039882
0.053868
0.008939
0.002443
0.000969
0.001267
0.002227
0.004007
0.002042
0.049784
0.074649
0.005713
0.003764
0.004635
0.022272
0.024455
0.016863
0.035255
0.358943
0.560688
0.031526
0.017064
0.013279
0.021791
 0.00253
0.006507
0.075579
0.493306
0.538282
0.021465
0.004883
0.009706

0.001506
0.002647
0.004762
0.002426
0.059161
0.088709
 0.00679
0.004472
0.005508
0.000874
       0
0.002609
0.010889
 0.05415
0.050944
0.014891
0.006035
0.001152
0.025895
0.003007
0.007733
0.089814
0.586221
0.639668
0.025508
0.005803
0.011534
0.010403
0.002021
0.019369
0.070741
0.348112
0.303937
0.024975
0.014163
0.015935
0.000112
0.003823
0.023796
 0.12537
0.487984
0.275395
0.059101
0.038618
0.005449
0.003982
0.007831
0.018723
0.083547
0.610224
0.413149
0.049622
0.057184
0.031942
0.031446
0.048796
0.047019
0.049743
0.092361
0.043352
0.033951
0.027636
0.010051
0.060937
0.048047
0.048668
0.126359
0.149007
0.126301
0.141552
0.061569
0.025874
0.003092
0.006081
0.014539
0.064875
0.473848
0.320817
0.038532
0.044404
0.024803
       0
0.001321
0.014699
0.076638
0.494583
0.508641
0.071425
0.005595
       0
0.047318
0.037309
0.037792
0.098119
0.115707
0.098074
0.109918
 0.04781
0.020091
0.009158
0.009175
0.025189
0.025919
 0.14934
0.251015
0.098191
0.022006
0.008849
       0
0.001236
0.013755
0.071719
0.462835
0.475991
 0.06684
0.005236
       0
       0
       0
0.024768
0.061447
0.496211
0.374561
0.058773
0.002639
       0
 0.00857
0.008586
0.023572
0.024255
0.139754
0.234902
0.091888
0.020594
0.008281
0.013547
0.015596
 0.01722
0.053476
0.151329
0.192102
0.074257
0.023664
0.024848
       0
       0
 0.02591
0.064279
0.519078
0.391822
0.061481
0.002761
       0
0.002044
0.007667
0.037897
0.420879
0.393286
0.142228
0.024569
 0.00923
0.003267
0.014172
0.016315
0.018013
 0.05594
0.158303
0.200955
0.077679
0.024754
0.025993
0.041911
0.036271
0.019656
 0.02496
0.160693
0.304173
0.110824
0.035378
0.039449
0.002373
0.008901
0.043997
0.488626
0.456592
0.165122
0.028523
0.010716
0.003793
0.003223
 0.03444
0.126389
0.241565
0.243086
0.174621
0.176941
0.017751
0.007938
0.048658
 0.04211
 0.02282
0.028978
0.186559
0.353135
0.128662
0.041073
0.045799
0.047361
 0.07999
0.130801
0.143611
0.115593
0.225592
0.123365
0.070444
 0.09792
0.003728
0.039828
0.146163
 0.27936
0.281119
0.201942
0.204625
0.020528
 0.00918
0.015617
 0.00377
0.008767
0.062734
0.199288
0.171913
0.033191
 0.01947
0.006844
0.054771
0.092505
0.151266
0.166081
0.133679
0.260888
0.142666
0.081465
 0.11324
0.055956
 0.03778
0.069724
0.096604
0.491863
0.443547
0.107319
0.053232
0.046966
0.016548
0.003995
0.009289
0.066474
0.211166
 0.18216
0.035169
0.020631
0.007252
0.007527
0.010871
0.010456
0.019632
0.101686
  0.0962
0.044131
0.014028
0.011118
0.059292
0.040032
 0.07388
0.102362
0.521181
0.469985
0.113716
0.056405
0.049765
0.021329
0.058657
0.082706
0.229942
0.452501
0.299645
0.053014
0.002007
0.007626
0.009365
0.013526
 0.01301
0.024427
0.126518
0.119693
0.054909
0.017454
0.013833
0.119162
0.113651
0.069164
  0.1172
0.205813
0.206644
0.081929
0.062184
0.139618
0.026538
0.072981
0.102903
0.286095
0.563005
0.372821
 0.06596
0.002497
0.009489
0.022212
0.010575
0.006797
0.054748
0.184817
0.280525
0.335693
0.093557
0.086723
0.114844
0.109533
0.066658
0.112954
0.198356
0.199157
 0.07896
0.059931
 0.13456
0.017361
0.019063
0.013145
0.027482
0.279799
0.437061
0.024575
0.013301
0.010351
0.021407
0.010192
0.006551
0.052764
0.178121
0.270361
 0.32353
0.090168
0.083581
0.016603
0.017234
0.013705
0.059472
0.318523
0.470416
0.147443
0.042357
0.017354
0.015433
0.016946
0.011685
0.024429
0.248718
 0.38851
0.021845
0.011824
0.009201
0.015099
0.001753
0.004509
 0.05237
 0.34182
0.372985
0.014874
0.003384
0.006725
0.014758
0.015319
0.012182
0.052866
0.283141
0.418161
0.131065
0.037652
0.015427
0.041907
0.035895
0.032858
0.197891
0.410729
0.180857
0.054262
0.014745
0.029968
0.016348
0.001898
0.004882
0.056701
0.370091
0.403833
0.016104
0.003664
0.007282
0.006568
0.001276
0.012228
 0.04466
0.219769
0.191881
0.015767
0.008941
 0.01006
0.045373
0.038864
0.035576
0.214258
0.444699
0.195816
 0.05875

0.015965
0.032447
0.019854
0.032757
0.129246
0.168977
0.242315
0.419503
0.185255
0.028675
0.014586
0.052689
 0.08176
0.078782
0.083347
0.154755
0.072638
0.056887
0.046305
0.016841
0.102102
0.080505
0.081546
0.211719
0.249668
0.211622
0.237177
0.103162
0.043353
0.017346
0.022479
0.036697
0.074486
 0.33962
0.290212
0.059445
0.023959
0.038709
0.126622
0.147754
0.051133
 0.04762
0.245509
0.612957
0.067902
0.018274
0.040865
0.075635
0.059637
0.060408
0.156838
0.184951
0.156766
0.175697
0.076421
0.032115
0.014639
0.014666
0.040264
 0.04143
0.238712
0.401233
0.156953
0.035176
0.014145
  0.0938
0.109454
0.037879
0.035277
0.181869

 0.45407
0.050301
0.013537
0.030272
0.013003
0.021995
0.046879
0.086788
0.379533
0.437688
0.075521
0.008945
0.003941
0.012807
0.012831
0.035227
0.036247
0.208848
0.351036
0.137317
0.030775
0.012375
0.020245
0.023306
0.025733
0.079914
0.226146
0.287076
0.110969
0.035363
0.037133
0.011376
0.019243
0.041014
 0.07593
0.332052
0.382931
0.066073
0.007826
0.003448
0.027804
0.017667
0.029792
0.046809
0.335088
0.512626
0.057309
0.032969
0.030529
0.017555
 0.02021
0.022314
0.069297
0.196102
0.248938
0.096227
0.030665
  0.0322
0.051919
0.044932
 0.02435
 0.03092
0.199062
0.376802
0.137285
0.043825
0.048869
 0.02411
 0.01532
0.025834
 0.04059
0.290572
0.444523
0.049695
0.028589
0.026473
0.026916
0.088582
0.078785
0.032099
0.338605
0.495936
0.070784
0.019657
0.018245
0.049292
0.042659
0.023118
0.029356
0.188991
0.357738
0.130339
0.041608
0.046396
0.047978
0.081033
0.132506
0.145483
  0.1171
0.228533
0.124973
0.071362
0.099196
0.025554
  0.0841
0.074799
0.030475
0.321473
0.470843
0.067203
0.018662
0.017322
0.006042
       0
0.009907
0.107853
0.353752
0.422389
0.068114
0.030436
0.019206
0.043201
0.072964
0.119311
0.130996
0.105439
0.205775
0.112528
0.064256
0.089318
0.044136
0.029799
0.054995
0.076196
0.387957
0.349848
0.084648
0.041987
0.037044
0.005441
       0
 0.00892
0.097113
0.318525
0.380328
0.061332
0.027405
0.017293
0.006603
0.011495
0.013459
0.092459
0.363946
0.412951
 0.12075
0.036837
 0.00506
0.041542
0.028048
0.051763
0.071718
0.365156
0.329286
0.079673
0.039519
0.034867
0.014944
0.041097
0.057946
0.161105
0.317036
0.209941
0.037143
0.001406
0.005343
0.006215
0.010819
0.012668
0.087025
0.342556
 0.38868
0.113653
0.034672
0.004763
        0
0.000406
0.011577
 0.06767
0.377968
0.346767
0.055581
0.013807
0.000966
0.017818
    0.049
 0.06909
0.192086
0.378004
0.250314
0.044286
0.001676
0.006371
0.014913
  0.0071
0.004564
0.036758
0.124087
0.188346
0.225386
0.062815
0.058226
       0
0.000484
0.013804
0.080684
0.450653
0.413452
 0.06627
0.016462
0.001152
 0.00064
0.020567
0.042313
0.137987
0.352802
0.286568
0.150084
0.040433
 0.00329
 0.01486
0.007075
0.004547
0.036626
0.123642
 0.18767
0.224578
 0.06259
0.058017
0.011525
0.011963
0.009513
0.041282
0.221102
0.326538
0.102347
0.029402
0.012047
0.000638
0.020494
0.042161
0.137492
0.351536
 0.28554
0.149545
0.040288
0.003278
0.000832
0.000116
0.018895
0.050311
0.440454
 0.52246
0.026124
0.015525
0.009211
0.009284
0.009637
0.007664
0.033257
0.178119
0.263058
 0.08245
0.023686
0.009705
0.026363
0.022581
0.020671
 0.12449
0.258382
0.113774
0.034136
0.009276
0.018852
 0.00067
   9.3E-5
0.015222
 0.04053
0.354829
0.420892
0.021046
0.012507
 0.00742
        0
        0
0.001123
 0.00961
0.479483
0.506029
0.013489
0.002611
0.000194
0.027041
0.023161
0.021202
 0.12769
0.265023
0.116699
0.035013
0.009514
0.019337
0.011832
0.019522
0.077025
0.100704
 0.14441
0.250007
0.110405
0.017089
0.008693
       0
       0
0.001152
0.009857
0.491806
0.519035
0.013836
0.002679
0.000199
0.017109
0.013879
0.008196
0.053612
0.342866
 0.38798
0.005961
0.028376
0.000957
0.011729
  0.0152
0.024814
0.050366
0.229646
0.196237
0.040196
0.016201
0.026174
 0.08562
0.099909
0.034575
  0.0322
0.166009

0.414472
0.045914
0.012357
0.027632
0.000867
0.004683
0.005993
0.057119
 0.11073
0.462631
0.211439
0.022114
 0.00366
0.002553
0.003498
0.011743
 0.03875
0.384336
0.502923
0.055636
0.023148
0.000323
0.076821
0.089642
0.031022
0.028891
 0.14895
 0.37188
0.041196
0.011087
0.024793
0.010649
0.018014
0.038394
0.071079
0.310835
0.358463
0.061851
0.007326
0.003228
0.002291
0.003139
0.010536
0.034768
0.344841
0.451241
0.049918
0.020769
0.000289
0.001496
0.002288
0.007601
 0.04334
0.389441
0.323855
  0.0089
       0
0.004574
0.010052
0.017003
 0.03624
0.067091
0.293396
0.338352
0.058381
0.006915
0.003047
0.024567
 0.01561
0.026324

 0.04136
0.296079
0.452949
0.050637
0.029131
0.026975
0.001413
0.002159
0.007174
0.040909
0.367592
0.305685
  0.0084
       0
0.004317
0.002582
 0.00104
0.000103
0.022046
0.313456
0.399636
0.025556
0.005878
0.004116
0.022225
0.014122
0.023814
0.037416
0.267845
0.409755
0.045808
0.026353
0.024402
0.024811
0.081653
0.072623
0.029588
0.312121
0.457146
0.065248
0.018119
0.016818
0.002336
0.000941
   9.3E-5
0.019944
0.283565
0.361527
0.023119
0.005317
0.003723
0.003568
0.003124
0.005301
 0.04061
0.281044
0.368006
0.035075
0.012629
  0.0038
 0.02418
0.079577
0.070777
0.028836
0.304186
0.445524
0.063589
0.017659
0.016391
0.005718
        0
0.009374
0.102053
0.334729
0.399676
0.064452
0.028799
0.018173
0.003477
0.003045
0.005166
0.039578
0.273899
 0.35865
0.034183
0.012308
0.003703
0.003339
0.006357
0.012347
0.029648
 0.37968
  0.2282
 0.00668
0.002032
0.001098
 0.00541
        0
0.008869
0.096557
0.316701
 0.37815
 0.06098
0.027248
0.017194
0.006565
0.011429
0.013382
0.091929
0.361862
0.410586
0.120059
0.036626
0.005031
0.003159
0.006014
0.011682
0.028051
0.359231
 0.21591
0.006321
0.001923
0.001039
0.005323
 0.01021
0.005705
0.025259
0.387648
0.300933
0.006878
0.000726
0.006669
 0.00642
0.011176
0.013086
0.089895
0.353856
0.401501
0.117402
0.035815
 0.00492
       0
0.000419
0.011959
0.069903
0.390436
0.358205
0.057415
0.014262
0.000998
0.005205
0.009985
0.005579
  0.0247
 0.37907
0.294274
0.006726
 0.00071
0.006521
0.000898
0.001594
0.016628
0.068405
0.273402
0.295422
0.050953
0.008135
 0.00085
       0
0.000487
0.013884
0.081153
0.453272
0.415854
0.066655
0.016557
0.001158
0.000644
0.020687
0.042559
0.138789
0.354852
0.288233
0.150956
0.040668
0.003309
0.001043
 0.00185
0.019304
0.079414
0.317403
0.342967
0.059153
0.009444
0.000986
0.005313
0.004051
0.001327
0.029286
0.259476
0.231849
0.063885
0.020733
0.004385
0.000582
0.018692
0.038454
0.125403
0.320626
0.260433
0.136396
0.036746
 0.00299
0.000759
0.000105
0.017233
0.045887
0.401726
0.476521
0.023827
 0.01416
0.008401
  0.0048
 0.00366
0.001199
0.026461
 0.23445
0.209487
0.057724
0.018733
0.003962
0.000226
0.002518
0.012005
0.035297
0.361166
 0.40455
0.036275
0.006351
0.003943
0.000633
   8.8E-5
0.014366
0.038252
0.334885
0.397235
0.019863
0.011804
0.007003
       0
       0
 0.00106
 0.00907
0.452533
0.477587
0.012731
0.002465
0.000183
0.000189
0.002099
0.010008
0.029424
0.301073
0.337239
0.030239
0.005294
0.003287
0.008211
0.003321
0.001653
0.010208
0.218745
0.198455
0.025459
0.010006
0.014526
       0
       0
0.001176
0.010064
0.502122
0.529921
0.014126
0.002735
0.000203
0.017468
0.014171
0.008368
0.054736
0.350058
0.396118
0.006086
0.028971
0.000977
0.009111
0.003685
0.001834
0.011327
0.242716
0.220201
0.028248
0.011102
0.016118
0.000785
0.000537
0.009681
0.010517
0.178142
0.199571
0.046489
0.010092
0.002941
0.001001
0.005406
0.006917
0.065927
0.127804
0.533966
0.244042
0.025524
0.004225
0.002947
0.004038
0.013554
0.044725
0.443598
 0.58047
0.064214
0.026717
0.000372
0.004752
0.007319
0.011375
0.077346
0.162058
0.219772
0.014406
0.003239
0.001303
0.007984
 0.00704
0.007383
0.023518
0.077317
0.061375
0.038785
0.011838
0.006675
0.002942
0.004031
0.013532
0.044653
0.442882
0.579533
0.064111
0.026674
0.000372
0.001922
0.002938
0.009762
0.055662
0.500163
0.415929
 0.01143
       0
0.005874
0.007971
0.007028
0.007371
 0.02348
0.077192
0.061276
0.038723
0.011819
0.006664
0.010805
0.007666
0.004067
0.015526
0.039918
0.118647
0.070864
0.031964
0.013421
0.001975
0.003019
0.010031
0.057201
0.513984
0.427423
0.011746
       0
0.006037
 0.00361
0.001454
0.000144
0.030826
0.438289
 0.55879
0.035733
0.008219
0.005755
0.011104
0.007878
 0.00418
0.015955
0.041021
0.121925
0.072822
0.032848
0.013792
 0.00607
0.003139
0.013758
0.046552
0.059107
 0.11352
0.022814
0.001101
0.000859
0.003499

0.001409
0.000139
0.029878
0.424816
0.541613
0.034635
0.007966
0.005578
0.005345
0.004681
0.007942
0.060839
 0.42104
 0.55132
0.052547
 0.01892
0.005692
0.005884
0.003042
0.013335
0.045121
 0.05729
0.110031
0.022112
0.001068
0.000832
0.004488
0.006892
0.012866
0.031639
0.083062
 0.09178
0.014715
0.028026
0.009718
0.005303
0.004644
 0.00788
 0.06037
0.417795
0.547071
0.052142
0.018774
0.005649
0.005093
0.009696
0.018833
0.045224
 0.57915
0.348088
 0.01019
  0.0031
0.001675
0.004453
0.006839
0.012767
0.031395
0.082422
0.091073
0.014601
 0.02781
0.009643
0.002347
0.002048
0.008926
0.057149
 0.07435
0.177144
0.048221
0.007531

  0.0075
0.004656
0.008865
0.017219
0.041347
0.529501
0.318247
0.009316
0.002834
0.001532
0.007845
 0.01505
0.008409
0.037231
0.571386
0.443569
0.010139
0.001069
 0.00983
0.002146
0.001872
0.008161
 0.05225
0.067976
0.161958
0.044087
0.006886
0.006857
0.006574
0.014938
0.008379
 0.02643
0.157544
0.169382
0.022002
0.007237
0.013681
0.007696
0.014764
0.008249
0.036522
0.560513
0.435129
0.009946
0.001049
0.009643
0.001328
0.002357
0.024588
0.101147
0.404266
0.436826
0.075342
0.012029
0.001256
0.006449
0.014654
0.008219
0.025927
0.154546
0.166159
0.021584
  0.0071
0.013421
0.003583
 0.00022
0.005642
0.044201
0.195239
0.167704
0.038289
0.027178
0.008392
0.001574
0.002792
0.029134
 0.11985
0.479019
  0.5176
0.089273
0.014253
0.001488
0.008018
0.006114
0.002003
0.044198
0.391597
0.349903
0.096415
 0.03129
0.006618
0.004246
 0.00026
0.006685
0.052375
 0.23134
0.198714
0.045369
0.032204
0.009944
0.006539
0.009045
0.008279
0.063256
0.185882
0.225707
0.044233
0.014736
0.014331
0.007145
0.005448
0.001785
0.039386
0.348967
0.311812
0.085919
0.027884
0.005897
0.000337
0.003748
0.017869
0.052538
0.537578
0.602153
0.053993
0.009453
0.005869
0.005827
 0.00806
0.007378
 0.05637
0.165646
0.201136
0.039418
0.013132
0.012771
 0.00602
0.006816
 0.01159
0.055766
0.159129
0.101912
 0.02167
0.027606
0.008512
0.000334
0.003712
0.017696
0.052031
0.532389
0.596341
0.053472
0.009362
0.005812
 0.01452
0.005872
0.002922
0.018051
0.386808
0.350928
0.045019
0.017693
0.025687
0.005962
0.006751
0.011479
0.055228
0.157593
0.100929
0.021461
0.027339
0.008429
0.003561
0.007904
0.016292
0.040254
0.150291
0.100557
0.065749
0.001792
0.004831
 0.01918
0.007757
 0.00386
0.023843
0.510934
 0.46354
0.059465
0.023371
 0.03393
0.001652
 0.00113
0.020379
0.022138
0.375002
0.420111
0.097862
0.021245
0.006191
0.004703
 0.01044
 0.02152
0.053171
0.198519
0.132826
0.086848
0.002367
0.006382
0.010113
0.013986
0.006114
0.020527
0.256518
  0.2279
0.056026
       0
0.006129
0.013054
0.020107
0.031249
 0.21249
0.445215
 0.60377
0.039577
0.008899
 0.00358
0.021933
 0.01934
0.020282
0.064609
0.212409
0.168613
0.106553
0.032523
0.018337
0.010167
0.033081
0.017367
0.043273
0.276968
0.340784
0.148829
 0.05106
0.018925
0.027528
0.078803
0.065275
0.178912
0.134924
0.090442
0.060422
 0.05012
0.005481
0.032423
0.028589
0.029982
0.095508
0.313995
0.249254
0.157513
0.048078
0.027106
0.043952
0.031183
0.016545
0.063157
0.162374
0.482622
0.288253
0.130022
0.054594
0.040694
0.116491
0.096493
0.264479
0.199452
0.133696
 0.08932
 0.07409
0.008102
0.010689
0.021544
0.014783
 0.16715
0.337434
0.276095
0.127342
  0.1517
0.079819
0.041483
0.029431
0.015615
0.059609
0.153253
0.455511
0.272061
0.122718
0.051527
0.022679
0.011726
0.051401
0.173916
0.220824
0.424111
0.085232
0.004115
0.003208
0.010089
0.020334
0.013953
0.157761
0.318479
0.260586
0.120188
0.143178
0.075335
0.036484
0.009798
0.018096
0.081966
0.203663
0.306161
0.130614
0.071296
0.007723
0.022872
0.011826
0.051839
0.175397
0.222704
0.427723
0.085957
 0.00415
0.003235
0.017446
0.026792
0.050013
 0.12299
0.322886
0.356777
0.057201
0.108943
0.037778
0.036795
0.009882
 0.01825
0.082664
0.205397
0.308769
0.131726
0.071903
0.007789
0.007191
0.010104
0.032859
0.027664
0.302372
0.395247
0.185093
0.078576
0.018797
0.013047
0.020037
0.037403
 0.09198
0.241475
0.266822
0.042778
0.081475
0.028253
0.006877
0.005999
0.026151
0.167433
0.217827
0.518989
0.141275
0.022065
0.021973
0.005378
0.007556
0.024574
0.020689
0.226134
0.295592
0.138425
0.058764
0.014058
 0.01838
0.038177
 0.01757
0.112559
0.401711
0.371708
0.083277
0.021988
0.009994
0.005624
0.004906
0.021385
 0.13692
 0.17813
0.424409
0.115529
0.018044
0.017969
0.017227
0.039144
0.021956
0.069259
0.412842
0.443865
0.057657
0.018966
0.035852
 0.01503
 0.03122
0.014368
0.092047
0.328504
0.303968

0.068101
0.017981
0.008172
0.017595
0.044702
0.032605
0.083974
0.282725
0.248148
0.089564
0.007491
  0.0113
0.015564
0.035364
0.019836
0.062571
0.372975
0.401002
0.052089
0.017134
 0.03239
0.008648
 0.00053
0.013615
0.106674
0.471181
0.404729
0.092405
0.065591
0.020253
0.015895
0.040385
0.029456
0.075865
0.255423
0.224185
0.080915
0.006767
0.010209
0.023264
0.013541
0.028776
0.080091
0.237144
 0.21478
0.191848
0.038839
 0.01296
0.008378
0.000514
 0.01319
0.103343
0.456469
0.392092
 0.08952
0.063543
0.019621
0.012902
0.017847
0.016335
0.124814
0.366773
0.445354
0.087278
0.029077
0.028277
0.022537
0.013118
0.027878
 0.07759

 0.22974
0.208073
0.185857
0.037626
0.012555
0.012818
 0.01629
0.023825
0.083811
0.232597
0.217119
 0.07865
0.029346
0.010254
0.014319
0.019807
 0.01813
0.138526
0.407063
0.494277
0.096866
0.032271
0.031383
0.014794
0.016751
0.028483
0.137042
0.391047
0.250442
0.053252
0.067839
0.020917
0.014226
 0.01808
0.026442
0.093018
0.258148
 0.24097
 0.08729
 0.03257
0.011381
0.004255
0.036217
0.019108
0.069657
0.292019
0.274288
0.064321
0.012762
 0.01023
0.016346
0.018509
0.031472
0.151423
0.432084
0.276723
 0.05884
0.074958
0.023112
0.009763
 0.02167
0.044669
0.110367
0.412062
0.275704
0.180268
0.004912
0.013247
0.004701
0.040017
0.021114
0.076967
0.322664
0.303072
0.071071
0.014101
0.011304
 0.02926
0.018315
0.032895
0.095455
0.310081
0.280459
0.095074
 0.05313
 0.04414
0.008818
0.019574
0.040347
0.099688
0.372194
0.249029
0.162827
0.004437
0.011965
0.018961
0.026221
0.011463
0.038485
0.480935
 0.42728
 0.10504
       0
 0.01149
0.026429
0.016543
0.029713
0.086219
0.280079
0.253323
0.085875
0.047989
 0.03987
 0.01502
0.025427
0.045415
0.105156
0.216989
0.315967
0.072475
0.033525
0.051001
0.009634
0.031348
0.016457
0.041006
0.262458
 0.32293
0.141032
0.048385
0.017934
0.026086
0.074674
0.061855
0.169539
0.127855
0.085703
0.057257
0.047494
0.005194
 0.00931
0.008018
0.010971
0.119317
0.246599
0.431725
0.068621
0.016579
0.014993
0.022586
0.005673
0.009199
 0.04641
0.497417
0.450709
0.103621
0.043467
 0.01701
0.025365
0.072611
0.060146
0.164854
0.124322
0.083335
0.055675
0.046181
 0.00505
0.006663
0.013429
0.009215
0.104187
0.210329
0.172095
0.079374
0.094557
0.049753
0.021962
0.005516
0.008945
0.045127
0.483672
0.438254
0.100758
0.042266
 0.01654
0.010959
0.010714
0.023652
0.118175
0.464626
 0.39949
0.040831
0.011643
0.004126
0.007693
0.015504
0.010639
 0.12029
0.242835
0.198692
0.091641
0.109171
0.057442
0.027819
0.007471
0.013798
0.062498
0.155289
0.233443
0.099591
0.054362
0.005889
0.012653
 0.01237
0.027308
0.136439
0.536435
0.461231
0.047142
0.013443
0.004764
0.007904
0.007327
 0.00413
0.034512
 0.36123
0.291927
0.158641
0.041675
0.008725
0.031613
 0.00849
 0.01568
0.071023
0.176474
0.265288
0.113177
0.061778
0.006692
0.006178
0.008681
0.028232
0.023768
0.259793
0.339589
0.159028
0.067511
 0.01615
0.008983
0.008327
0.004694
 0.03922
0.410508
0.331751
0.180282
0.047361
0.009915
0.016733
0.011915
0.058421
0.226222
0.426157
0.317769
0.087796
0.024499
0.003857
0.005833
0.008196
0.026654
0.022439
0.245266
0.320601
0.150136
0.063736
0.015247
0.019935
0.041407
0.019057
0.122082
0.435699
0.403157
0.090323
0.023848
0.010839
0.015797
0.011249
0.055155
0.213573
0.402329
0.300001
0.082887
0.023129
0.003641
 0.01539
0.010584
0.028276
0.070435
0.219263
0.243274
0.078704
 0.04767
0.012754
0.019426
0.040351
0.018571
0.118967
0.424582
 0.39287
0.088018
 0.02324
0.010563
 0.02274
0.057776
0.042141
0.108534
0.365414
0.320724
0.115759
0.009681
0.014605
0.014997
0.010314
0.027555
0.068638
0.213669
0.237067
0.076696
0.046454
0.012429
0.001086
0.002655
0.001297
0.097698
0.386308
0.296931
0.097771
0.023861
 0.00595
0.019565
0.049709
0.036257
 0.09338
0.314393
0.275943
0.099596
 0.00833
0.012566
0.028635
0.016667
 0.03542
0.098582

0.291894
0.264366
 0.23614
0.047806
0.015952
0.000935
0.002284
0.001116
0.084057
 0.33237
0.255472
 0.08412
0.020529
 0.00512
0.004121
0.007145
0.006521
0.046771
0.336594
0.517426
0.045285
0.022461
0.017414
0.026047
0.015161
0.032219
0.089673
0.265518
0.240477
0.214801
0.043486
 0.01451
0.014814
0.018827
0.027535
0.096864
 0.26882
0.250932
0.090898
0.033916
0.011851
0.003748
  0.0065
0.005932
0.042545
0.306179
0.470669
0.041193
0.020432
 0.01584
0.009051
  0.0061
 0.02059
0.049102
0.415319
0.341823
0.211202
0.031519
0.022693
0.014636
0.018601
0.027205
0.095703
0.265598
0.247924
0.089809
 0.03351
0.011709
0.004378
0.037262

 0.01966
0.071667
0.300447
0.282204
0.066177
 0.01313
0.010525
0.008942
0.006027
0.020343
0.048514
0.410341
0.337726
0.208671
0.031141
0.022421
0.028904
0.024032
0.035778
0.118353
0.436473
0.339828
0.114444
0.014977
0.018823
0.004725
0.040215
0.021218
0.077347
 0.32426
0.304571
0.071422
0.014171
 0.01136
0.029404
0.018406
0.033058
0.095927
0.311614
0.281846
0.095544
0.053393
0.044359
0.031195
0.025936
0.038613
0.127733
0.471067
0.366763
0.123515
0.016164
0.020315
0.013784
0.018745
0.018538
0.127635
0.274523
0.255371
0.187681
0.037351
 0.02073
0.034515
0.021605
0.038804
  0.1126
0.365777
0.330834
0.112151
0.062673
0.052069
0.019615
0.033207
 0.05931
0.137331
0.283382
0.412645
 0.09465
0.043782
0.066606
 0.01618
0.022003
 0.02176
 0.14982
0.322239
0.299758
0.220302
0.043843
0.024333
0.115141
0.057635
0.095365
0.120191
0.122994
0.111219
0.188652
0.194214
0.150358
0.008147
0.007017
0.009601
0.104414
0.215798
0.377802
 0.06005
0.014508
 0.01312
0.019765
0.004964
 0.00805
0.040613
0.435288
0.394414
0.090678
0.038038
0.014886
0.007547
 0.01568
 0.06638
0.111026
0.393272
0.266287
0.075916
0.024568
0.029416
0.026313
0.019771
0.030942
0.122365
0.343788
0.208054
0.081358
 0.05782
0.015734
0.017996
 0.00452
0.007329
0.036978
0.396329
0.359113
0.082563
0.034633
0.013554
 0.00898
0.008779
0.019381
0.096835
0.380723
0.327349
0.033458
0.009541
0.003381
0.023958
0.018001
0.028173
0.111413
0.313019
0.189433
0.074077
0.052645
0.014326
0.004581
0.014173
0.024987
0.064819
0.381176
0.356486
0.082952
0.001809
0.003459
0.009748
0.009529
0.021037
0.105109
0.413255
 0.35532
0.036317
0.010356
 0.00367
0.006089
0.005645
0.003182
0.026587
0.278282
0.224893
0.122213
0.032106
0.006721
0.004972
0.015385
0.027122
0.070358
0.413747
0.386947
0.090041
0.001964
0.003755
0.006988
0.009573
0.028696
 0.10216
0.276004
 0.30093
0.175345
0.030424
0.015513
0.006612
0.006129
0.003455
0.028868
 0.30216
 0.24419
0.132699
 0.03486
0.007298
0.012316
 0.00877
0.043002
0.166514
0.313679
0.233898
0.064623
0.018033
0.002839
0.007588
0.010395
0.031158
0.110926
0.299686
0.326752
0.190391
0.033034
0.016844
0.010181
0.019723
0.019107
0.063779
0.372195
 0.48173
0.136349
0.008999
0.004067
0.012373
0.008811
0.043201
0.167285
0.315132
0.234981
0.064922
0.018116
0.002852
0.012055
 0.00829
0.022148
 0.05517
0.171742
0.190549
0.061646
0.037338
 0.00999
0.010229
0.019814
0.019196
0.064074
0.373919
0.483962
0.136981
 0.00904
0.004085
0.006156
0.022923
0.034162
0.215951
0.430478
0.285444
0.144079
0.046674
0.006054
0.012605
0.008669
 0.02316
 0.05769
0.179587
0.199253
0.064462
0.039044
0.010446
0.000913
0.002231
 0.00109
0.082114
0.324689
0.249568
0.082176
0.020055
0.005001
0.006437
 0.02397
0.035722
0.225816
0.450142
0.298483
 0.15066
0.048806
0.006331
0.018685
0.013572
0.029319
0.126132
0.322806
0.463359
0.166958
0.051041
0.010442
0.000722
0.001763
0.000862
0.064883
0.256557
0.197199
0.064932
0.015846
0.003952
0.003181
0.005515
0.005034
0.036103
0.259818
0.399402
0.034955
0.017338
0.013442
0.014764
0.010724
0.023167
0.099665
0.255069
0.366129
0.131924
 0.04033
0.008251
 0.02369
0.007234
0.012109
0.129099
0.409956
 0.47466
0.123058
0.028637
0.026952
0.002833
0.004913
0.004484
 0.03216
0.231447
0.355789
0.031138
0.015445
0.011974
0.006842
0.004611
0.015564
0.037117
0.313949
0.258391
0.159653
0.023826
0.017154
0.021103
0.006444
0.010786
0.115002
0.365191
0.422829
0.109621
 0.02551
0.024009
0.002091
0.001189
0.003222
0.091451
0.367066
0.370231
0.068033
0.001449
       0
0.007401
0.004988
0.016836
 0.04015
0.339599
0.279502
0.172696
0.025773
0.018555
0.023921
0.019889
 0.02961
0.097949
0.361225
0.281242
0.094714
0.012395
0.015578
0.002262
0.001287
0.003485
0.098923
0.397055
0.400479
0.073592
0.001568
       0
 0.00515
0.016257
0.045963
0.081111
0.291365
0.335844
0.057662
0.008574
0.005779

0.030396
0.025272
0.037625
0.124464
0.459009
0.357374
0.120353
 0.01575
0.019795
0.013431
0.018265
0.018063
0.124368
0.267496
0.248834
0.182877
0.036394
0.020199
0.006545
0.020658
0.058405
0.103068
0.370237
0.426756
0.073271
0.010895
0.007344
0.106376
 0.03151
0.024148
0.056141
0.194736
0.184242
0.073151
0.021044
0.100486
0.009567
0.013011
0.012867
0.088591
0.190546
0.177253
0.130269
0.025925
0.014389
0.068085
0.034081
0.056391
0.071071
0.072729
0.065766
0.111554
0.114842
 0.08891
0.075775
0.022445
0.017201
0.039991
0.138717
0.131242
0.052108
 0.01499
 0.07158
0.123035
0.532625
 0.24413
0.151114
0.153296
0.249459
0.462327

0.280012
0.192752
0.007612
0.015814
0.066947
0.111976
0.396633
0.268563
0.076565
0.024778
0.029667
0.026538
 0.01994
0.031207
0.123411
0.346727
0.209832
0.082054
0.058314
0.015869
       0
       0
0.025687
0.144622
 0.35876
0.295712
0.058328
0.014792
0.004539
0.006423
0.007701
0.020755
0.195722
0.344367
 0.31919
0.194685
0.121241
0.025462
0.021848
0.016416
0.025692
0.101603
0.285456
0.172753
0.067554
0.048009
0.013064
0.004177
0.012925
0.022787
0.059112
0.347612
0.325096
0.075648
 0.00165
0.003155
0.005288
 0.00634
0.017088
0.161135
0.283514
0.262786
0.160282
0.099816
0.020963
0.008907
0.028101
0.014894
0.056801
0.501239
0.402212
0.056866
0.028654
0.014357
0.004147
0.012833
0.022624
0.058689
0.345128
0.322772
0.075107
0.001638
0.003132
0.005829
0.007986
0.023937
0.085217
0.230229
0.251022
0.146265
0.025378
 0.01294
0.008844
0.027901
0.014788
0.056395
0.497656
0.399337
0.056459
0.028449
0.014254
0.028966
0.020846
0.030158
0.118462
0.327805
0.272366
0.083777
0.014398
 0.00947
0.006787
0.009297
0.027869
0.099216
 0.26805
0.292258
0.170292
0.029547
0.015066
0.009107
0.017641
 0.01709
0.057046
0.332904
0.430876
0.121955
0.008049
0.003637
0.033724
 0.02427
0.035112
0.137923
0.381655
0.317108
0.097539
0.016764
0.011026
0.025114
0.024473
0.017062
0.043451
0.258465
0.348821
0.124577
0.030445
0.007709
0.009111
0.017649
0.017098
0.057074
0.333068
0.431088
0.122015
0.008053
0.003639
0.005483
0.020418
 0.03043
0.192358
0.383448
0.254259
0.128338
0.041575
0.005393
0.025126
0.024485
 0.01707
0.043472
0.258592
0.348992
0.124638
 0.03046
0.007713
0.041027
0.037634
0.037348
0.105669
0.263312
0.328325
0.093846
0.050054
0.057729
0.005056
0.018829
 0.02806
0.177381
0.353592
0.234461
0.118345
0.038337
0.004973
0.014677
0.010661
 0.02303
0.099078
0.253567
0.363974
0.131147
0.040093
0.008202
0.037832
0.034704
 0.03444
0.097441
 0.24281
 0.30276
0.086539
0.046157
0.053234
0.022544
0.051596
0.020003
0.073972
  0.5417
0.248855
0.055402
0.026204
0.031461
0.010494
0.007622
0.016466
0.070836
0.181289
0.260224
0.093764
0.028665
0.005864
0.016838
0.005142
0.008606
0.091756
0.291374
0.337362
0.087463
0.020354
0.019156
0.016118
0.036889
0.014301
0.052886
 0.38729
0.177919
 0.03961
0.018734
0.022493
0.000413
0.005553
0.031899
0.058188
0.575825
0.378007
0.026442
0.005633
0.006441
 0.01692
0.005167
0.008648
0.092206
0.292801
0.339014
0.087891
0.020453
 0.01925
0.001677
0.000954
0.002583
0.073323
0.294304
0.296842
0.054548
0.001162
       0
0.000415
 0.00558
0.032056
0.058473
0.578645
0.379859
0.026571
 0.00566
0.006473
0.005809
0.003961
0.009806
0.034339
0.199513
0.259581
0.072905
0.023231
0.009583
0.002082
0.001184
0.003208
0.091051
0.365458
0.368609
0.067735
0.001443
       0
0.004741
0.014964
0.042305
0.074657
0.268178
0.309117
0.053073
0.007892
0.005319
0.007214
0.004919
0.012177
0.042641
0.247749
 0.32234
0.090531
0.028847
  0.0119
0.007762
0.007375
0.008878
 0.15186
0.258537
0.503067
0.139741
0.017852
0.012954
0.005383
0.016991
0.048035
0.084769
0.304502
0.350987
0.060262
0.008961
 0.00604
 0.08749
0.025915
 0.01986
0.046174
0.160161
 0.15153
0.060163
0.017308
0.082645
0.008814
0.008374
0.010081
0.172429
0.293555
0.571206
0.158668
 0.02027
0.014709
0.004728
0.008671
0.021102
0.059113
0.214439
0.326569
0.273517
 0.02444
0.000672
0.055528
0.016448
0.012605
0.029306
0.101651
0.096173
0.038184
0.010985
0.052453
0.090159
0.390306
0.178897
0.110736
0.112334
0.182802
0.338791
0.205192
0.141248
0.003001
0.005504
0.013393
0.037518
  0.1361
0.207267
0.173596
0.015512
0.000427
0.000554
0.010368
0.061992
0.154149
0.519536
0.386392
0.059184
0.013828
0.001838
       0
       0
0.028103
0.158225
0.392506
0.323528
0.063814
0.016183
0.004966
0.007027
0.008425
0.022708
0.214132
 0.37676
0.349215
0.212998
0.132646
0.027857
0.033028
 0.02619
0.027308
0.080386
0.109856

0.127769
0.131733
0.049009
0.050726
0.023365
0.040639
0.081545
0.301328
0.351229
0.225881
0.027491
0.047592
0.014211
0.005069
0.006077
0.016379
 0.15445
 0.27175
0.251882
0.153631
0.095675
0.020093
0.008538
0.026935
0.014276
0.054444
0.480441
0.385524
0.054506
0.027465
0.013761
0.016852
0.029312
0.058817
0.217342
0.253335
0.162924
0.019828
0.034327
 0.01025
0.024604
0.021242
0.021956
 0.13723
0.240335
0.428724
0.106401
 0.00285
0.022871
0.008639
0.027255
0.014445
0.055089
0.486134
0.390092
0.055152
0.027791
0.013924
0.028295
0.020363
 0.02946
0.115719
0.320215
 0.26606
0.081837
0.014065
0.009251
0.024896
0.021494
0.022217

0.138856
0.243183
0.433803
0.107661
0.002884
0.023142
 0.00905
0.015722
0.019626
0.132414
0.209628
0.242062
0.068729
0.042367
0.005796
0.035795
0.025761
0.037269
0.146393
0.405093
0.336583
0.103529
0.017793
0.011703
0.026656
0.025976
0.018109
0.046119
0.274338
0.370242
0.132227
0.032315
0.008183
0.011449
0.019889
0.024828
0.167513
0.265193
0.306224
0.086947
0.053597
0.007332
 0.04921
0.018205
0.050634
0.229963
0.388241
0.170505
0.056431
0.029375
0.077833
0.028762
0.028029
0.019541
0.049764
 0.29602
0.399504
0.142678
0.034869
0.008829
0.046965
0.043081
0.042754
0.120963
0.301423
0.375845
0.107429
0.057298
0.066085
  0.0531
0.019643
0.054636
0.248138
0.418925
0.183981
0.060891
0.031696
0.083984
0.119032
0.073064
0.101082
0.178028
0.255766
0.121332
0.089371
0.123618
0.033451
0.044076
0.040431
0.040124
0.113523
0.282882
0.352726
0.100821
0.053774
 0.06202
0.026264
0.060111
0.023305
 0.08618
0.631098
0.289924
0.064545
0.030528
0.036654
 0.11171
 0.06857
0.094864
0.167077
0.240033
0.113868
0.083873
0.116014
0.031393
0.017769
 0.06223
0.083317
0.116101
0.225849
 0.18631
0.040411
0.032279
 0.01923
0.018572
0.042506
0.016479
 0.06094
0.446264
0.205012
0.045641
0.021587
0.025919
0.000476
0.006399
0.036757
0.067049
0.663509
0.435568
0.030468
 0.00649
0.007422
0.012565
0.044004
0.058916
0.082097
0.159703
0.131744
0.028576
0.022826
0.013598
0.004273
0.006492
0.026355
0.106349
0.152956
0.119438
0.061594
0.045975
0.016153
0.000474
0.006379
0.036644
0.066843
0.661476
0.434234
0.030375
 0.00647
0.007399
0.006641
0.004528
 0.01121
0.039255
0.228072
0.296739
0.083341
0.026556
0.010955
 0.00426
0.006472
0.026274
0.106023
0.152487
0.119072
0.061405
0.045835
0.016104
0.010253
0.015461
0.021654
0.101593
0.357956
0.149052
0.017446
0.003366
0.009771
0.006136
0.004184
0.010357
0.036269
0.210723
0.274166
0.077001
0.024536
0.010122
0.006602
0.006273
0.007552
0.129164
0.219899
0.427884
0.118857
0.015184
0.011018
0.009473
0.014285
0.020007
0.093865
0.330727
0.137714
0.016119
 0.00311
0.009028
0.044293
0.021255
0.207753
0.289071
0.270643
0.264692
0.326731
0.284379
0.106312
0.003268
0.003105
0.003738
0.063937
0.108851
0.211804
0.058835
0.007516
0.005454
0.001753
0.003215
0.007825
0.021919
0.079514
0.121093
0.101421
0.009062
0.000249
0.021925
0.010522
0.102838
0.143091
0.133969
0.131023
0.161733
0.140769
0.052625
0.020128
0.025827
0.091288
 0.28938
0.520377
0.551128
0.340759
0.047312
0.046632
0.001584
0.002905
 0.00707
0.019805
0.071846
0.109414
0.091639
0.008188
0.000225
0.000292
0.005473
0.032725
0.081374
0.274257
0.203972
0.031243
  0.0073
 0.00097
0.018187
0.023336
0.082484
0.261472
 0.47019
0.497976
0.307895
0.042749
0.042134
0.045207
0.021508
0.167605
0.149466
0.211029
0.237829
0.181292
0.123214
 0.05277
0.032699
0.025929
0.027036
0.079585
0.108762
0.126497
0.130421
0.048521
0.050221
0.023132
0.040234
0.080733
0.298327
0.347732
0.223631
0.027217
0.047118
 0.01407
 0.04313
0.010421
 0.04111
0.097862
 0.38509
0.608293
0.071229
0.064127
0.013288
 0.02854
 0.03924
0.061799
0.098999
0.285438
0.154459
0.056447
0.051213
0.041119
 0.02353
0.040927
0.082123
0.303463
0.353718
0.227481
0.027685
0.047929
0.014312
0.034353
0.029659
0.030657
0.191607
0.335566
0.598603
0.148561
0.003979
0.031934
0.029032
0.039916
0.062863
0.100704
0.290352
0.157119
0.057419
0.052094
0.041827
0.014203
0.006402
0.007369
0.037859
0.128642
0.112801
0.110894
0.070258
0.059485
 0.03384
0.029216
0.030199
0.188744
0.330553
0.589659
0.146342
 0.00392
0.031457
0.012301
 0.02137
0.026677
0.179988
0.284943
 0.32903
0.093422
0.057589
0.007879
0.013991
0.006306
0.007258
0.037293
 0.12672
0.111116
0.109237
0.069208
0.058596
0.000178
0.007287
0.077965
0.153786
0.284954
0.249044
0.151672
0.021685
0.009438
0.012688
0.022043
0.027517
0.185652
 0.29391
0.339384
0.096362
0.059401
0.008126
0.054539

0.020176
0.056117
0.254865
0.430282
0.188969
0.062542
0.032555
0.086261
0.000184
0.007517
0.080419
0.158625
0.293921
0.256881
0.156445
0.022367
0.009735
0.024771
0.014302
  0.0237
0.068957
0.328557
0.343429
0.052289
 0.02406
 0.02142
0.054937
0.020323
0.056526
0.256723
0.433419
0.190346
0.062998
0.032793
 0.08689
0.123151
0.075592
0.104579
0.184187
0.264615
0.125529
0.092463
0.127895
0.034608
0.024951
0.014407
0.023872
 0.06946
0.330953
0.345933
0.052671
0.024236
0.021576
0.007932
 0.02575
0.046657
0.206822
0.433158
0.181215
0.087208
0.006874
0.010848
0.146404
0.089866
0.124326
0.218966
0.314581
0.149232
0.109922
0.152045
0.041143
0.023287
0.081557
0.109193
0.152158
0.295991
0.244172
0.052962
0.042305
0.025202
 0.00943
0.030612
0.055467
0.245875
0.514948
0.215433
0.103675
0.008172
0.012896
0.054664
 0.02325
 0.11175
  0.1413
0.250688
0.246736
0.069772
0.035136
0.036093
 0.02746
0.096171
 0.12876
0.179424
 0.34903
0.287926
0.062453
0.049885
0.029718
0.009338
0.014189
0.057599
0.232425
0.334284
0.261031
0.134613
0.100479
0.035303
0.064459
0.027416
0.131775
 0.16662
 0.29561
 0.29095
0.082275
0.041432
 0.04256
0.015059
0.010058
0.022589
0.184156
0.334293
0.157633
0.221327
 0.09463
0.024413
0.007915
0.012027
0.048821
0.197004
0.283341
0.221251
0.114099
0.085167
0.029923
0.019051
0.028729
0.040235
0.188772
0.665129
0.276958
0.032416
0.006254
0.018156
0.012764
0.008525
0.019146
0.156092
0.283348
 0.13361
0.187598
0.080209
0.020693
0.080519
0.056503
 0.11329
0.110184
0.100489
0.173169
0.070469
0.037876
0.054191
0.010496
0.015829
0.022168
0.104006
0.366458
0.152592
 0.01786
0.003446
0.010003
0.049079
0.023552
0.230198
0.320301
0.299883
0.293288
 0.36203
0.315102
0.117797
0.044362
 0.03113
0.062418
0.060706
0.055365
0.095409
0.038826
0.020868
0.029857
0.240185
0.254581
0.201457
0.114785
 0.06607
0.169411
0.041721
0.064424
0.104207
0.018582
0.008917
0.087159
0.121274
0.113544
0.111047
0.137074
0.119306
0.044601
0.017059
0.021889
0.077369
0.245259
0.441037
0.467099
0.288805
0.040098
0.039522
 0.09094
0.096391
0.076277
0.043461
0.025016
0.064144
0.015797
0.024393
0.039455
0.025009
0.025725
0.036607
0.060542
0.383241
0.271121
0.162413
0.205679
0.151951
0.015964
0.020484
0.072402
0.229513
0.412721
 0.43711
0.270262
0.037524
0.036985
0.039681
 0.01888
0.147119
0.131198
0.185236
 0.20876
0.159133
0.108154
 0.04632
0.023404
0.024074
0.034257
0.056655
0.358635
0.253714
0.151985
0.192473
0.142195
0.102244
 0.05658
0.035428
0.085716
0.072348
0.105851
0.053507
0.058349
0.150029
0.043721
0.010564
0.041674
0.099204
0.390371
0.616635
0.072205
0.065007
 0.01347
0.028932
0.039778
0.062647
0.100357
0.289352
0.156578
0.057221
0.051915
0.041683
0.023241
0.059001
0.107004
0.072095
0.208685
0.240672
0.107097
0.043074
0.010347
0.023191
0.045604
0.069994
0.093653
0.278438
0.262859
0.112957
0.011569
0.020257
 0.04132
 0.05681
0.089471
0.143328
0.413247
0.223621
0.081722
0.074144
0.059531
0.020215
0.009112
0.010487
0.053883
0.183091
0.160545
0.157831
0.099995
0.084663
 0.03312
 0.06513
0.099964
0.133753
0.397659
 0.37541
0.161323
0.016523
 0.02893
0.030732
0.034834
0.027153
0.231715
0.391656
0.208157
 0.08666
0.058503
0.038391
0.020929
0.009434
0.010858
0.055788
0.189562
 0.16622
0.163409
0.103529
0.087655
0.000267
0.010901
0.116629
0.230051
0.426268
0.372549
0.226889
0.032438
0.014119
0.031819
0.036065
0.028113
0.239906
0.405499
0.215514
0.089723
0.060571
0.039748
0.074048
0.071968
0.101564
0.196877
0.286076
0.080838
0.019338
0.031287
0.115778
0.000219
0.008924
0.095472
0.188319
0.348941
0.304968
0.185731
0.026554
0.011558
0.029408
 0.01698
0.028136
0.081865
0.390061
0.407717
0.062078
0.028564
 0.02543
0.060616
0.058913
 0.08314
0.161163
0.234181
0.066174
 0.01583
0.025612
0.094776
0.024187
0.025542
0.038451
0.226147
0.305427
0.325712
0.069919
0.051748

0.054401
0.025011
0.014441
0.023929
0.069625
0.331739
0.346755
0.052796
0.024293
0.021628
0.007951
0.025811
0.046768
0.207314
0.434187
0.181646
0.087415
 0.00689
0.010874
 0.02057
0.021723
0.032702
0.192334
0.259759
0.277012
0.059465
0.044011
0.046267
0.014231
0.019968
0.041637
0.108013
 0.48822
0.200262
0.032246
0.007537
0.007156
0.008496
0.027578
 0.04997
0.221508
0.463914
0.194082
  0.0934
0.007362
0.011618
0.049247
0.020946
0.100675
0.127296
0.225844
0.222283
0.062858
0.031654
0.032516
0.015205
0.021335
0.044487
0.115408
0.521646
0.213973
0.034453
0.008053
0.007645
0.055952
0.048216
0.049028
0.302988
0.297524
0.152192
0.044298
0.018998
0.036297
0.047978
0.020406
0.098082
0.124017
0.220026
0.216557
0.061238
0.030838
0.031678
0.011209
0.007486
0.016813
 0.13707
0.248818
0.117328
0.164737
0.070434
0.018171
0.054511
0.046974
0.047765
0.295184
0.289861
0.148272
0.043157
0.018509
0.035362
0.026631
0.037538
0.046641
0.145744
0.415706
0.572798
0.098969
0.031894
0.051001
0.010628
0.007098
0.015942
0.129966
0.235924
0.111248
0.156199
0.066784
 0.01723
0.067042
0.047046
0.094329
0.091742
 0.08367
0.144186
0.058675
0.031536
0.045121
0.025251
0.035592
0.044224
0.138191
0.394163
0.543113
 0.09384
0.030241
0.048358
0.027809
 0.02208
0.066525
0.135244
0.278971
0.316394
0.362806
0.084626
0.034127
0.043843
0.030766
0.061687
0.059996
0.054717
0.094292
0.038371
0.020623
0.029507
0.237372
  0.2516
0.199098
0.113441
0.065296
0.167427
0.041232
 0.06367
0.102986
0.018186
 0.01444
0.043505
0.088444
0.182435
0.206909
 0.23726
0.055342
0.022317
0.054358
0.044114
0.041016
0.153888
0.569055
0.458094
0.200796
0.047848
0.038896
0.120256
0.127464
0.100866
0.057471
 0.03308
0.084821
0.020889
0.032256
0.052175
0.033072
0.034018
0.048408
0.080058
0.506784
0.358521
0.214769
0.271982
0.200935
0.027539
0.022349
 0.02078
0.077962
0.288292
0.232077
0.101726
0.024241
0.019705
0.095395
 0.09238
0.111639
0.081081
0.046194
0.040844
0.223249
0.247906
0.280439
0.032956
  0.0339
 0.04824
0.079779
0.505018
0.357271
 0.21402
0.271034
0.200235
0.143976
0.079674
0.049888
0.120702
0.101877
0.149056
0.075347
0.082166
0.211265
0.095063
0.092058
 0.11125
0.080798
0.046033
0.040701
0.222471
0.247042
0.279462
0.057201
0.026203
0.052506
0.075904
0.045327
0.015739
0.158786
0.187292
0.096704
 0.03454
0.087685
0.159023
0.107144
0.310135
0.357674
0.159162
0.064014
0.015378
0.034465
0.067774
0.104021
0.139182
0.413799
0.390646
 0.16787
0.017194
0.030104
0.082469
0.043357
 0.03626
0.098331
0.227807
0.181653
0.108056
0.038062
0.045172
0.012305
0.038958
0.034991
0.059214
0.244059
0.335096
0.105602
0.022762
0.041624
0.033541
0.065958
0.101234
0.135453
0.402712
 0.38018
0.163373
0.016733
0.029298
0.031123
0.035277
0.027498
 0.23466
0.396633
0.210802
0.087762
0.059247
0.038879
0.011976
0.037914
0.034054
0.057627
 0.23752
0.326118
0.102773
0.022153
0.040509
0.014341
0.026839
0.017922
0.098228
 0.15122
0.264151
0.241983
0.109735
 0.05667
0.029924
0.033918
0.026439
0.225621
0.381355
0.202682
0.084381
0.056965
0.037382
0.069639
0.067683
0.095517
0.185154
0.269042
0.076025
0.018186
0.029424
0.108885
0.013788
0.025805
0.017231
0.094444
0.145395
0.253976
0.232662
0.105508
0.054487
0.011016
0.008587
0.031265
0.112591
0.453906
 0.40662
0.224352
0.063429
0.022341
0.067634
0.065734
0.092766
0.179822
0.261294
0.073836
0.017663
0.028577
0.105749
0.026987
0.028499
0.042903
 0.25233
0.340789
0.363423
0.078014
 0.05774
  0.0607
0.010699
0.008339
0.030364
0.109348
0.440835
 0.39491
0.217891
0.061602
0.021697
0.049014
0.023219
0.055415
0.102478
0.218929
 0.21327
0.068076
 0.04982
0.060138
0.025315
0.026733
0.040245
0.236696
0.319674
0.340906
0.073181
0.054162
0.056939
0.017513
0.024573
 0.05124
0.132926
0.600831
0.246453
0.039683
0.009276
0.008806
0.045977
0.021781
0.051981
0.096128
0.205364
0.200056
0.063858
0.046733
0.056412
 0.01342
0.031028
0.042342
0.124955
0.241014
0.246891
0.120888
0.082501
0.034559
0.017502
0.024557
0.051207
0.132839
0.600438
0.246292
0.039657
 0.00927
  0.0088
0.064404
0.055499
0.056434
0.348753
0.342464
 0.17518
0.050989
0.021868
0.041779
0.013411
0.031008
0.042314
0.124873
0.240856
 0.24673
0.120809
0.082447
0.034537
0.025756
0.019925
 0.10664
0.182834
0.158979
0.146375
0.088719
0.074805
0.070997
0.058159
0.050118
0.050961
0.314936
0.309257
0.158193
0.046045
0.019748
0.037728
0.028413
0.040049
0.049762
0.155497
0.443524
0.611127
0.105592
0.034029
0.054414
0.023258
0.017993
0.096299
0.165105

0.143564
0.132181
0.080116
0.067552
0.064113
0.093675
0.099931
0.054368
0.044113
0.121556
0.108087
0.047429
0.048534
0.088889
 0.01622
0.022863
0.028407
0.088768
0.253192
0.348871
0.060279
0.019426
0.031063
0.017863
0.014183
0.042733
0.086875
0.179198
0.203237
 0.23305
 0.05436
0.021921
0.053476
0.057047
0.031037
0.025182
0.069392
0.061703
0.027076
0.027706
0.050744
0.017714
0.028953
0.008147
0.067502
 0.29995
0.615888
0.369731
0.138509
0.085543
0.011738
 0.00932
0.028081
0.057087
0.117754
0.133551
0.153141
0.035721
0.014405
0.035086
0.028474
0.026474
0.099328
0.367301
 0.29568
0.129605
0.030884
0.025106
 0.01164
0.019026

0.005353
0.044357
0.197103
0.404711
0.242957
0.091017
0.056212
0.148258
0.062748
0.020227
0.020026
0.060397
0.209542
 0.32097
 0.35715
0.324492
0.030723
0.024933
0.023182
0.086975
0.321621
0.258908
0.113487
0.027043
0.021983
0.106424
 0.10306
0.124546
0.090455
0.051534
0.045566
0.249059
0.276567
0.312861
 0.12982
0.054944
0.017711
0.017535
0.052885
0.183482
0.281053
0.312733
0.284136
0.147686
0.100374
 0.00524
0.009801
 0.00755
0.069743
0.252173
0.271743
0.173616
 0.13097
0.126831
0.153271
0.111317
 0.06342
0.056075
0.306502
0.340355
 0.38502
0.078807
0.036101
0.072339
0.104575
0.062447
0.021684
0.218762
0.258036
0.133231
0.181749
0.123525
0.006448
0.012061
0.009291
0.085829
0.310334
0.334419
0.213659
0.073587
 0.05151
0.036143
0.012387
0.010458
0.041811
0.213672
0.166841
0.104117
