   1.0E-5
0.019359
0.273674
0.501326
0.399248
  0.1623
0.037064
0.008372
0.022756
0.057803
  0.0837
 0.08065
0.236478
0.167216
0.097893
 0.02777
0.027612
0.045115
0.051801
0.094671
0.218762
0.221234
0.200437
0.039498
0.005058
0.015202
0.041625
0.124679
0.070936
0.117356
0.342471
0.187927
0.129479
0.047951
0.084236
0.080798
0.091638
0.132694
0.127859
0.374901
0.265096
0.155195
0.044025
0.043775
0.071524
0.066474
0.087578
0.051836
0.044221
0.037355
0.062536
0.042497
0.043932
0.064259
 0.19766
0.112458
0.186051
0.542938
0.297932
0.205271
0.076019
0.133543
0.128093
0.145933
0.135131
0.117984
0.066455
0.105362
0.204279
 0.09422
0.072074
0.083863
0.131572
0.173342
0.102598
0.087526
0.073936
0.123776
0.084114
0.086953
0.127188
0.216543
0.125102
0.149517
0.052378
0.064296
0.103868
0.112229
  0.0899
0.085314
0.288844
0.267463
0.233525
0.131534
0.208543
0.404328
0.186489
0.142656
 0.16599
0.142795
0.147802
0.142902
0.253088
0.185112
0.209377
0.101862
0.033778
0.139815
0.290616
0.167896
0.200662
0.070294
 0.08629
0.139398
0.150619
0.120652
0.114497
0.092671
0.145423
0.128413
0.054804
 0.04086
0.080566
0.169681
 0.19809
0.100892
0.191641
0.198361
0.191784
0.339661
0.248433
0.280999
0.136706
0.045333
0.187642
0.214362
0.168414
0.148896
0.140309
0.158416
0.159131
0.095158
0.043577
0.164061
0.118367
0.185746
 0.16402
0.070001
 0.05219
0.102906
0.216731
0.253018
0.128868
0.077724
0.054624
0.140123
0.163172
0.161302
0.183493
0.104784
0.062449
0.062027
0.273801
0.215113
0.190183
0.179215
0.202343
0.203256
0.121543
0.055661
0.209553
 0.21573
0.223675
0.144135
0.166309
0.123484
 0.15809
0.131094
0.206605
0.257667
0.060118
 0.04225
0.108382
0.126211
0.124764
0.141928
0.081048
0.048303
0.047976
0.049175
0.154952
0.262715
0.381912
0.335148
0.354678
0.141525
0.046505
0.038966
0.166863
0.173008
0.111486
0.128637
0.095513
0.122279
0.101398
0.159805
0.199301
0.058629
 0.12955
 0.13062
0.214844
0.233123
0.067745
0.117717
0.173752
0.209969
0.041362
0.130332
0.220974
0.321232
0.281898
0.298325
0.119039
0.039116
0.032775
0.044165
0.147926
0.222093
0.246844
0.165264
 0.01124
0.009223
0.031818
0.068903
0.049314
0.108966
0.109866
0.180709
0.196084
0.056982
0.099014
0.146146
0.176608
0.030495
0.085738
0.089707
0.217727
0.228253
0.257502
0.196031
0.241148
0.186734
0.052281
 0.17511
0.262906
0.292206
0.195635
0.013305
0.010918
0.037665
0.081566
0.032096
0.074234
0.143147
0.256484
0.139132
0.201263
0.089054
0.029099
0.052328
  0.0361
0.101494
0.106192
0.257739
0.270199
0.304823
0.232056
0.285464
 0.22105
0.101283
0.227377
0.098915
0.184473
0.196831
0.083826
0.062604
0.056126
0.056679
0.034073
0.078807
0.151965
0.272283
0.147702
0.213661
 0.09454
0.030892
0.055551
0.054033
0.071293
0.183459
0.302158
0.237097
0.059375
0.059767
0.052104
0.048507
0.107522
0.241384
0.105008
0.195837
0.208957
 0.08899
 0.06646
0.059584
0.060171
 0.21303
0.244597
0.150619
0.238726
0.280149
0.219437
0.075282
0.220824
0.255509
0.055247
0.072896
0.187583
 0.30895
0.242426
0.060709
 0.06111
0.053275
0.049598
0.039333
0.059406
0.222047
 0.17961
0.248052
0.243479
 0.06215
 0.03852
0.020605
0.217819
0.250095
0.154004
0.244092
0.286446
0.224369
0.076974
0.225787
0.261252

  0.0527
0.101264
0.152453
0.103829
0.136497
0.069775
0.112846
0.107755
0.174771
0.050859
0.076813
0.287111
0.232238
0.320735
0.314822
0.080362
0.049807
0.026642
0.035957
0.100967
0.126457
0.073908
0.219402
0.202031
0.129574
0.036861
0.058927
0.068142
0.130936
0.197124
0.134252
0.176493
 0.09022
0.145912
0.139328
0.225982
 0.22148
0.106143
0.156268
0.092983
0.304013
0.165326
0.173014
0.155931
0.151263
0.076936
0.140606
 0.32491
0.328581
0.297692
0.058663
0.007512
0.022579
0.061822
0.185175
0.105355
0.174299
0.508644
0.279113
0.192305
0.071217
0.125108
0.120002
 0.04132
0.055069
0.080856
0.123917
0.144514
0.101088
0.123894

0.077282
0.046274
0.072777
0.082764
0.171964
0.078873
0.099343
0.167536
0.096141
0.056545
0.017697
0.212014
0.120625
0.199562
0.582366
0.319567
0.220178
 0.08154
0.143241
0.137395
 0.15653
0.144944
0.126552
0.071281
0.113014
0.219114
0.101062
0.077308
0.089953
0.083325
 0.09476
0.196888
0.090305
0.113742
0.191819
0.110075
 0.06474
0.020261
0.063209
0.131946
0.143631
0.128459
0.074302
0.063043
0.072487
0.093344
0.043764
0.233712
0.216412
0.188952
0.106428
0.168738
0.327154
0.150894
0.115427
0.134307
 0.11554
0.119591
0.115626
0.204781
 0.14978
0.169413
0.082419
0.027331
0.113129
0.094376
0.197005
0.214453
0.191799
0.110939
0.094127
0.108229
 0.13937
0.065343
0.159564
 0.10015
0.103189
0.260347
 0.20141
0.169975
0.250364
0.167866
0.214816
0.131114
0.135711
0.131212
0.232384
0.169969
0.192249
0.093529
0.031015
0.128378
0.146658
0.115223
0.101869
0.095994
0.108382
0.108872
0.065103
0.029814
0.112244
0.181072
 0.11365
0.117098
 0.29544
0.228558
0.192886
0.284111
0.190493
0.243772
0.217362
0.275312
0.083396
0.050451
0.154528
0.320185
0.115388
0.067582
0.126619
0.168711
0.132549
0.117187
0.110429
 0.12468
0.125243
0.074893
0.034297
0.129123
0.132929
0.137824
0.088813
0.102477
0.076089
0.097412
0.080778
0.127306
 0.15877
0.250046
 0.31671
0.095936
0.058037
0.177765
0.368331
0.132738
0.077744
0.145659
0.242877
0.394432
 0.18821
0.123271
0.155198
0.160487
0.049632
0.082399
0.207966
0.129729
0.134507
0.086676
 0.10001
0.074257
0.095067
0.078833
0.124242
0.154948
0.045582
 0.10072
0.101552
0.167033
0.181244
0.052669
0.091521
0.135085
0.163242
 0.23703
0.384937
0.183679
0.120304
0.151462
0.156623
0.048437
0.080416
 0.20296
0.110561
0.044816
0.044416
0.141295
0.089955
0.189794
0.339213
0.390201
0.224428
0.048117
0.106323
0.107201
0.176325
0.191326
0.055599
0.096612
  0.1426
0.172323
0.029756
0.083658
0.087531
0.212445
0.222715
0.251255
0.191275
0.235297
0.182203
0.116711
0.047309
0.046887
0.149155
0.094959
0.200352
0.358082
0.411908
0.236913
0.022739
0.029761
0.178138
0.141797
0.143333
0.100823
0.100714
0.078043
0.050106
0.038002
0.106844
 0.11179
0.271324
 0.28444
0.320889
0.244287
 0.30051
0.232701
0.106621
0.239362
0.104128
0.194196
0.207206
0.088244
0.065903
0.059085
0.059667
 0.02904
0.038009
0.227508
0.181096
0.183058
0.128766
0.128627
0.099672
0.063993
       0
0.037178
0.091663
0.196099
 0.21267
0.184387
0.180917
0.076038
0.014058
0.103452
0.232248
0.101034
0.188425
0.201048
0.085622
0.063945
0.057328
0.057893
0.204967
0.235339
0.144918
 0.22969
0.269545
0.211132
0.072432
0.212466
0.245838
       0
0.036074
0.088938
0.190271
0.206349
0.178907
 0.17554
0.073778
 0.01364
0.101973
0.093152
0.184581
0.200454
0.343193
0.209886
0.066815
0.077389
 0.09949
0.214104
 0.24583
0.151378
0.239929
0.281561
0.220544
0.075661
0.221937
0.256797
0.051802
0.099537
0.149853
0.102058
 0.13417
0.068585
0.110922
0.105917
0.171791
0.106518
0.097305
0.192809
 0.20939
0.358492
0.219243
0.069793
0.080839
0.103925
0.074043
0.016789
0.087244
0.196237
0.230466
0.111455
0.077339
0.061396
0.124116
0.062706
0.120491
0.181398
0.123542
0.162414
0.083023
0.134272
0.128214
0.207955
0.203812
0.097676
0.143802
0.085565
 0.27976
0.152137
0.159212

0.143491
0.139196
 0.08963
0.020323
0.105609
0.237547
0.278981
0.134917
0.093619
 0.07432
0.150243
0.071516
0.147799
0.179951
0.130371
0.370898
0.349932
0.095337
0.126145
0.079457
0.082898
0.110481
0.162217
0.248607
0.289929
0.202807
 0.24856
0.155046
0.092837
0.146009
0.166045
0.345001
0.158239
0.199306
0.336118
0.192882
0.113442
0.035503
0.095747
0.054278
0.085139
0.105745
0.115333
0.153886
0.065772
0.054858
0.074666
0.136954
0.237256
0.136357
0.055468
0.062799
0.112044
0.160218
0.157317
0.179211
0.137186
0.156011
0.324153
0.148677
0.187262
0.315807
0.181226
0.106587
0.033358
0.104066
0.217233
0.236472
0.211493
 0.12233

0.103792
0.119341
0.153681
0.072052
0.128678
 0.22292
0.128118
0.052117
0.059004
0.105273
0.150536
0.147811
0.168382
0.271208
0.216236
0.203716
0.139354
0.155829
0.030198
0.018074
0.095197
 0.18293
0.097398
0.203314
0.221321
0.197942
0.114492
0.097142
0.111695
0.143834
0.067436
0.164674
0.103358
0.106494
0.268685
 0.20786
0.175418
0.258382
0.173242
0.221695
0.253831
0.202381
0.190663
0.130425
0.145845
0.028263
0.016916
0.089098
0.171209
0.043754
0.122457
0.162543
0.191118
0.213634
0.160884
0.265296
0.138147
0.017883
0.158547
0.099512
0.102531
0.258687
0.200126
0.168891
0.248768
0.166796
0.213446
0.190322
0.241063
0.073021
0.044175
0.135305
0.280354
0.101033
0.059174
0.110868
0.042126
  0.1179
0.156495
0.184007
0.205685
0.154897
0.255425
0.133007
0.017218
0.043684
0.126759
 0.19408
0.084473
0.011899
0.044348
0.118706
0.325601
0.224983
0.182591
0.231271
0.070055
 0.04238
0.129809
0.268966
0.096929
0.056771
0.106364
0.177355
0.288025
0.137436
0.090016
 0.11333
0.117192
0.036243
 0.06017
0.151862
 0.04191
 0.12161
0.186196
0.081041
0.011415
0.042546
0.113884
0.312374
0.215844
0.091878
0.131866
 0.19352
0.218902
 0.19709
0.257844
0.334371
0.165343
0.157606
 0.16953
0.275317
0.131372
0.086044
 0.10833
0.112021
0.034644
0.057516
0.145162
0.079076
0.032054
0.031767
0.101058
0.064338
0.135745
0.242613
0.279082
0.160517
0.087824
0.126048
0.184981
0.209244
0.188394
0.246468
0.319618
0.158047
0.150652
0.165042
 0.17672
0.060158
0.050156
0.036083
0.068128
0.208064
0.318034
0.233874
0.100851
 0.04088
0.040515
0.128885
0.082054
0.173125
 0.30942
0.355931
0.204717
0.019648
0.025716
0.153929
0.122527
0.123854
0.087122
0.087027
0.067437
0.043297
0.210488
0.225383
0.076724
0.063967
0.046019
0.086887
0.265357
0.405609
0.298274
0.105632
0.115756
0.149225
0.144801
0.096273
0.119388
0.148158
0.161068
 0.11969
0.030462
0.039869
0.238643
0.189959
0.192017
0.135068
0.134922
0.104551
0.067125
       0
0.038998
0.096149
0.205697
0.223078
0.193411
0.189771
0.079759
0.014746
0.163766
0.179461
 0.23135
0.224491
0.149257
0.185092
0.229696
 0.24971
0.185561
0.095791
0.136276
0.226427
0.200708
0.233454
0.196923
0.127331
0.120925
0.142854
       0
0.036714
0.090518
 0.19365
0.210013
0.182084
0.178657
0.075088
0.013882
0.103783
0.094807
0.187858
0.204014
0.349287
0.213614
0.068001
0.078763
0.101256
0.090181
0.128295
0.213166
0.188953
0.219782
 0.18539
0.119873
0.113843
0.134488
0.084148
0.075914
0.227988
0.196205
0.195655
0.259763
 0.28078
0.143911
0.100573
0.097058
0.088663
0.175685
0.190793
0.326653
0.199771
0.063594
0.073659
0.094695
0.067467
0.015298
0.079495
0.178808
0.209997
0.101556
 0.07047
0.055943
0.113093
0.078695
0.070994
0.213214
 0.18349
0.182976
 0.24293
0.262585
0.134585
0.094056
0.151131
0.039844
0.383448
0.209099
0.081574
0.159075
0.185002
0.186887
0.192266
 0.04345
0.009852
0.051197
0.115157
0.135243
0.065405
0.045384
0.036029
0.072834
0.034669
0.071649
0.087236
0.063201
0.179802
0.169638
0.046217
0.061152
0.038519
0.097332
 0.02566
 0.24695
0.134665
0.052536
0.102448
0.119145
0.120359
0.123824
0.022934
0.023405
0.147724
0.391639
0.689292
0.239136
 0.08324
0.021338
0.044768
0.127771
0.072432
0.113615
0.141112
0.153907
0.205354
 0.08777
0.073206
0.099639
 0.18276
0.316609
0.181963
 0.07402
0.083803
0.149518
0.213804
0.209933
 0.23915
0.273989
0.252302
0.087115
 0.14628
 0.05874
0.112819
0.104771
0.179059
0.185054
0.139639
0.130886
0.096986
 0.21329
0.211689
0.194696
0.166431
0.114044
0.179004
0.134796
0.233518
0.134208
0.054594
0.061809
0.110278
0.157693
0.154838
0.176387
0.284101
0.226516
0.213401
0.145979
0.163237
0.031634
0.018934
0.099723
0.191627
0.102992
0.096536
0.071533
0.157314
0.156133
  0.1436
0.122752
0.084114
0.132026
0.374394
0.219902
0.097125
0.160285
0.230964
0.162633
0.261691
0.107247
0.137961
0.263253
0.209894
0.197741

0.135267
0.151258
0.029312
0.017544
0.092405
0.177564
0.045378
0.127003
0.168577
0.198212
0.221564
0.166856
0.275144
0.143275
0.018547
 0.34692
0.203765
0.089998
0.148523
0.214016
0.150698
0.242487
0.099377
0.127837
0.100921
0.224137
0.141863
 0.10614
 0.13829
0.196066
0.101244
0.015026
0.017553
0.042927
0.120142
0.159471
0.187506
0.209596
0.157843
0.260282
0.135536
0.017545
0.044515
 0.12917
0.197771
0.086079
0.012125
0.045191
0.120963
0.331792
0.229261
 0.09547
0.212029
  0.1342
0.100406
 0.13082
0.185475
0.095776
0.014214
0.016605
0.232209
0.191126
 0.09752
0.031169
0.025624
 0.16078
0.272279
0.257768
0.334455
 0.03554

0.103126
0.157896
0.068724
 0.00968
0.036079
0.096574
0.264896
0.183037
0.077913
0.111824
0.164106
0.185631
0.167134
0.218654
0.283549
0.140212
0.133651
 0.18539
0.152591
0.077858
0.024885
0.020458
0.128363
0.217382
0.205797
0.267022
 0.01585
0.039416
0.158257
0.261591
0.339642
0.308313
0.141376
0.049445
0.012663
0.059147
 0.08489
 0.12458
0.140921
0.126879
 0.16599
0.215255
0.106441
 0.10146
0.111152
0.119017
0.040515
0.033779
0.024301
0.045882
0.140126
0.214188
0.157509
0.012032
0.029922
 0.12014
0.198586
0.257838
0.234054
0.107325
0.037536
0.009613
0.575858
0.250467
0.088976
0.060912
0.153612
 0.14715
 0.08123
0.083086
0.257043
0.130037
0.139238
0.047399
0.039518
 0.02843
0.053678
0.163934
0.250579
0.184269
0.065258
0.071512
0.092189
0.089456
0.059476
0.073756
 0.09153
0.099505
0.073943
0.673696
0.293022
0.104093
0.071261
0.179711
0.172151
0.095031
0.097202
0.300714
0.048059
0.053307
0.038906
0.079763
0.093402
0.106534
0.099074
0.058642
0.033933
0.141565
0.155133
0.199988
0.194058
0.129023
     0.16
0.198558
0.215859
0.160406
0.082806
0.117802
0.195732
  0.1735
0.201807
0.170228
0.110069
0.104532
0.123489
0.104255
 0.11564
  0.0844
0.173031
0.202618
0.231106
0.214924
0.127213
0.073611
0.112134
0.167597
0.336943
0.225169
0.075624
0.093468
0.174678
0.200007
0.116928
0.068296
 0.09716
0.161435
0.143098
0.166445
  0.1404
0.090783
0.086216
 0.10185
0.063727
0.057491
 0.17266
 0.14859
0.148173
0.196724
 0.21264
0.108987
0.076166
0.092485
 0.13823
0.277902
0.185714
0.062373
 0.07709
 0.14407
0.164961
0.096439
0.211135
 0.18676
0.364506
0.303391
0.239515
0.128394
0.228461
0.101031
0.189683
0.056271
0.050764
0.152459
0.131205
0.130837
0.173707
0.187761
0.096235
0.067255
0.108066
 0.02849
0.274184
0.149516
0.058329
0.113746
0.132285
0.133633
 0.13748
0.186432
0.164909
0.321858
0.267893
0.211491
0.113372
0.201731
 0.08921
 0.16749
0.242231
0.138811
  0.2127
0.304628
0.101627
 0.12488
0.128054
0.173307
0.130028
0.069262
 0.01826
0.175732
0.095829
0.037385
0.072903
0.084785
0.085649
0.088115
 0.01632
0.016656
0.105122
0.278694
0.490508
0.170172
0.059234
0.015184
0.031857
0.155252
0.088968
0.136325
0.195244
0.065136
0.080039
0.082073
0.111077
0.083339
0.149849
0.150349
0.263986
0.221109
0.380926
0.252011
0.094757
0.051326
0.230154
0.283841
0.261375
0.090247
 0.15154
0.060853
0.116876
0.108538
0.185498
0.191708
 0.14466
0.135593
0.100474
 0.22096
0.219302
0.201697
0.172416
0.118145
0.185441
0.210704
0.203498
0.123646
0.042012
0.117736
0.134231
0.205725
0.083675
0.186157
0.094587
 0.07536
0.115606
0.202955
0.210671
0.260783
0.169705
0.146927
0.062817
 0.10677
0.100077
0.074157
0.163084
 0.16186
0.148867
0.127255
  0.0872
0.136869
0.388127
0.227969
0.100688
0.166165
0.239436
0.168598
 0.27129
0.111181
0.143022
0.069812
0.055621
0.085326
0.149795
 0.15549
0.192476
0.125255
0.108442
0.046363
0.228619
0.257519
0.114919
0.159719
0.251459
 0.17609
0.090396
0.137303
0.126481
  0.3393
 0.19929
0.088021
0.145261
0.209315
0.147388
0.237161
0.097194
0.125029
0.098705
0.219214
0.138747
0.103809
0.135253
 0.19176
0.099021
0.014696
0.017167
0.199858
0.225123
0.100462
0.139626
0.219825
0.153938
0.079024
 0.12003
0.110569
0.111358
0.031911
0.131852
0.157267
0.269301
0.299726
0.242199
0.065527
0.101422
 0.08302
0.184379
0.116699
0.087313
 0.11376
0.161288
0.083286
 0.01236
0.014439
0.201927
0.166202
0.084803
0.027105
0.022283
0.139813
0.236772
0.224154
 0.29084
0.093662
 0.02684
  0.1109
0.132277
0.226508
0.252098
0.203712
0.055114
0.085305
0.285486
0.374748
0.153182
 0.23922
0.221252
0.170866
0.097254
0.080407
0.041138
0.150948
0.124242
0.063393
0.020262
0.016657
0.104515
0.176995
0.167563
0.217413
0.012905
0.032093
0.128855
0.212991
0.276541
0.251033
0.115111
0.040259
 0.01031
 0.21341
0.280137
0.114509
0.178825
0.165393
0.127728
0.072701
0.060107

0.030752
0.040223
0.070814
0.069617
0.234597
0.222814
0.463101
0.235182
0.081535
0.081445
0.010609
0.026383
 0.10593
0.175097
 0.22734
 0.20637
0.094631
0.033096
0.008476
0.507745
0.220842
0.078452
0.053707
0.135443
0.129745
0.071622
0.073259
 0.22664
0.033067
0.058215
0.057231
0.192859
0.183172
0.380708
0.193339
0.067029
0.066955
0.249368
0.105566
 0.07816
0.134347
0.030131
0.060826
0.026255
0.091097
 0.24368
0.618032
0.268811
0.095493
0.065373
0.164863
0.157927
0.087179
0.089171
0.275868
0.044088
0.048903
0.035692
0.073172
0.085684
0.097731
0.090888
0.053797
0.031129
0.303534
0.128497
0.095137
0.163529
0.036676
0.074038

0.031957
0.110885
 0.29661
0.066763
0.032327
 0.08291
0.200169
0.121942
0.064867
0.058293
0.099393
0.106169
0.076395
0.084738
0.061846
0.126792
0.148473
0.169348
 0.15749
0.093218
 0.05394
0.082168
 0.12281
0.246902
0.164998
0.055415
0.068491
0.127999
0.146559
0.085681
0.115685
0.056016
0.143665
 0.34685
0.211299
0.112401
0.101009
0.172227
0.183969
0.118938
0.103683
0.210775
0.433635
0.300859
0.119261
0.105544
0.151666
0.179649
0.072506
0.108368
0.217867
0.145594
0.048899
0.060436
0.112946
0.129324
0.075605
0.165524
0.146414
0.285762
0.237849
0.187773
0.100657
0.179107
0.079205
0.148706
0.104951
 0.09149
0.185988
 0.38264
0.265479
0.105236
0.093132
 0.13383
0.158522
0.118542
0.088904
0.218365
0.265384
0.251057
0.164241
0.094192
0.023786
0.083681
 0.16716
0.147862
0.288587
  0.2402
0.189629
0.101652
0.180877
0.079988
0.150176
0.217191
0.124461
0.190713
0.273138
0.091122
0.111971
0.114816
0.155392
0.116587
0.119714
0.089783
0.220523
0.268008
0.253538
0.165864
0.095123
0.024021
0.084508
0.143617
0.096864
0.099165
0.178193
0.185642
0.200225
0.160097
0.118268
0.136669
 0.17453
0.100015
0.153253
0.219488
0.073224
0.089978
0.092264
 0.12487
0.093687
0.168456
0.169019
0.296766
0.248565
0.428227
0.283304
0.106523
0.057699
0.258732
0.115408
0.077838
0.079688
0.143192
0.149179
0.160897
0.128651
0.095038
0.109825
0.025962
0.006008
0.031697
 0.06342
0.166328
0.225947
0.260962
0.067597
0.018266
0.196957
0.190221
0.115579
0.039271
0.110055
0.125473
0.192303
0.078215
0.174012
0.088416
0.070443
0.108064
0.189714
0.196926
0.243769
0.158633
0.137341
0.058718
0.136466
0.142228
0.081125
0.104232
0.242992
0.157842
0.105135
0.275614
 0.17879
0.061565
0.083774
0.135483
0.322397
0.259853
0.226273
0.228202
0.172936
0.098563
0.079917
0.063672
0.097676
0.171478
0.177997
0.220337
0.143385
0.124139
0.053074
0.261711
0.294795
0.131553
0.182838
0.287858
0.201579
0.103481
0.157178
0.144789
0.055647
0.075721
 0.12246
0.291408
0.234875
0.204524
0.206267
0.156313
0.089089
0.137001
0.110174
0.111005
0.144676
 0.12254
0.109214
 0.20611
0.110759
0.138123
0.179892
0.202633
0.090426
0.125677
0.197865
 0.13856
 0.07113
0.108039
0.099523
0.100233
0.028723
 0.11868
0.141556
0.242398
0.269784
0.218003
0.058981
 0.09129
 0.09417
 0.07573
0.076301
0.099446
 0.08423
0.075071
0.141674
0.076132
0.094941
0.220933
0.240199
0.112158
0.148553
0.398423
0.365711
0.165734
0.154643
0.137113
0.066025
 0.01892
0.078176
0.093245
0.159671
 0.17771
0.143602
0.038851
0.060134
0.201246
0.264169
0.107982
0.168632
0.155966
0.120448
0.068557
0.056681
0.028999
0.145531
0.158222
 0.07388
0.097854
0.262446
0.240899
0.109171
0.101865
0.090318
0.243526
 0.38156
0.175141
0.174671
0.218626
0.139071
0.172795
0.258878
0.225797
0.180062
0.236362
0.096615
0.150881
0.139548
0.107769
 0.06134
0.050714
0.025947
0.033938
0.059749
0.058739
0.197938
0.187997
0.390735
0.198432
0.068794
0.068718
0.217891
0.341396
0.156705
0.156284
0.195613
0.124432
0.154606
0.231628
0.202029
0.096055
0.045889
0.068421
0.063965
0.135836
0.167293
0.127284
0.249182
0.165389
0.037874
0.066678
0.065551
0.220895
  0.2098
0.436052
0.221445
0.076773
0.076688
0.285619
0.120913
0.089522
0.153877
0.034511
0.069668

0.030071
 0.10434
0.279103
0.107195
0.051211
0.076356
0.071384
 0.15159
0.186696
0.142047
0.278081
0.184571
0.221793
0.174126
0.133743
0.289757
0.124537
0.041581
0.065494
0.038708
0.060012
0.378007
0.160024
0.118479
0.203651
0.045675
0.092203
0.039798
0.138091
0.369385
0.083143
0.040259
0.103252
0.249281
0.151861
0.080782
0.072596
 0.12378
0.132218
0.293536
 0.23045
0.177004
0.383484
 0.16482
0.055031
0.086679
0.051229
0.079424
0.056095
0.094302
0.125346
0.110687
0.079953
 0.13225
  0.1445
0.062137
0.079884
0.098791
0.047836
0.122684
0.296196
0.180441
0.095986
0.086258
0.147075
0.157102
0.101569
0.088541
0.179994
0.370307

0.256922
0.101844
0.090131
0.129517
0.153413
0.066653
0.112049
0.148936
0.131519
    0.095
0.157139
0.171695
0.073831
0.094919
0.037693
0.011222
0.027491
0.086065
0.278947
0.291171
0.327864
 0.24125
0.070828
0.099891
0.087079
0.177021
0.364193
0.252679
0.100162
0.088642
0.127378
 0.15088
0.112827
0.084618
0.207837
 0.25259
0.238953
0.156322
0.089651
0.022639
0.079646
 0.03707
0.011036
0.027037
0.084643
0.274341
0.286363
 0.32245
0.237266
0.069658
0.097475
0.056664
0.151888
0.235838
0.184098
0.090969
0.057314
0.049909
0.057423
0.134651
0.100986
0.248039
0.301449
0.285174
 0.18656
0.106992
0.027019
0.095052
0.161537
 0.10895
0.111539
0.200427
0.208806
0.225209
0.180073
0.133025
0.153722
 0.11633
0.067624
0.181268
0.281457
0.219709
0.108565
  0.0684
0.059563
 0.06853
0.031405
0.020517
0.039312
0.157753
0.345134
0.207903
0.118472
0.116959
 0.04723
 0.17088
0.115251
 0.11799
0.212019
0.220882
0.238234
0.190488
0.140719
0.162612
 0.03844
0.008896
0.046932
0.093903
0.246275
0.334549
0.386394
0.100089
0.027046
0.033221
0.021704
0.041586
0.166877
0.365095
0.219927
0.125323
0.123723
0.049961
0.074882
0.061142
0.102203
 0.06603
 0.21009
0.141009
0.035673
0.102307
0.138321
0.102953
  0.1073
0.061202
0.078635
0.183318
0.119079
0.079316
0.207929
0.134883
0.046446
0.063201
0.102211
0.243223
0.196038
0.170705
 0.17216
0.130466
0.074358
0.134151
0.085861
0.064492
 0.08032
0.097733
0.220937
0.331019
0.196034
0.222092
0.238359
0.328834
0.242768
 0.17819
0.187966
0.129356
 0.10278
0.139124
0.166272
0.042864
0.058327
0.094329
0.224468
0.180922
0.157542
0.158885
0.120406
0.068624
 0.10553
0.084866
0.085506
0.111442
0.094391
0.084126
0.158764
0.085316
0.106394
0.219979
0.303478
0.224049
 0.16445
0.173472
0.119382
0.094855
0.128396
0.153451
0.397134
0.278189
 0.30921
0.186792
0.106574
0.070513
0.111304
 0.09902
0.142746
0.067725
0.054463
0.054874
0.071519
0.060576
0.053989
0.101888
0.054752
0.068279
0.158889
0.172745
0.080661
0.106836
0.286536
 0.26301
0.119192
0.111215
0.098608
0.254864
 0.17853
0.198438
0.119876
0.068395
0.045252
 0.07143
0.063547
0.091609
0.341634
0.193028
0.105559
0.039357
0.025636
0.048191
0.069306
0.281933
0.519946
 0.11603
0.126148
0.058903
0.078018
0.209245
0.192065
 0.08704
0.081216
0.072009
 0.19416
0.304212
0.139637
0.139262
0.174308
0.110879
0.137767
  0.2064
0.180025
0.249481
 0.14096
0.077085
0.028741
0.018721
0.035192
0.050611
0.205884
0.379694
0.331619
0.114801
0.167168
0.088194
0.047577
0.057694
0.080922
 0.16895
0.275848
0.215466
0.337595
 0.15496
0.154544
0.193435
0.123046
0.152885
0.229049
 0.19978
0.094985
0.045378
0.067659
0.063253
0.134324
0.165431
0.125867
0.246407
0.163548
0.368009
0.127398
0.185512
0.097872
0.052797
0.064025
0.089802
 0.18749
0.306118
0.106025
0.188229
0.112711
0.139258
0.088882
0.036016
 0.05804
 0.07295
0.137484
0.127959
0.061131
0.091147
0.085211
0.180953
0.222859
0.169561
0.331946
0.220322
0.264755
0.207854
0.159649
0.345883
0.148659
0.049636
 0.07818
0.046206
0.071636
 0.14283
0.253571
0.151838
0.187601
0.119737
0.048519
0.078188
0.098274
 0.18521
0.289502
0.307458
0.061324
0.042308
0.005765
0.003621
0.005824
0.020403
0.062976
0.339947
0.266886
 0.20499
0.444116
 0.19088
0.063732
0.100384
0.059329
0.091982
0.064965
0.109211
0.145164
0.128188
0.092594
 0.15316
0.167347
0.071962
0.092515
0.371723
0.394778
0.078741
0.054324
0.007402
0.004649
0.007479
0.026198
0.080861
0.035655
0.060047
  0.0845
0.110236
0.127815
0.095633
 0.14374
0.044664
0.033525
0.081649
0.137259
0.182446
0.161109
0.116374
0.192494
0.210325
0.090443
0.116275
0.046173
0.013746
0.033676
0.105428
0.341708
0.356682
0.401631
0.295529
0.086764
0.044812
0.075468
0.106201
0.138547
0.160641
0.120193
0.180655
0.056135
0.042135
0.156726
 0.17101
0.147563
0.195529
0.067601
0.027326
0.034019
0.161409
0.147154
0.040176
0.011961

0.029302
0.091735
0.297325
0.310354
0.349465
0.257144
0.075494
0.105641
0.061411
0.164613
0.255596
0.199522
 0.09859
0.062115
 0.05409
0.062233
 0.13637
0.148798
0.128396
0.170132
0.058821
0.023777
  0.0296
0.140445
0.128041
0.024769
0.035308
0.270691
0.230097
0.381217
0.160506
0.089506
0.074423
0.053371
0.110944
0.064493
0.172876
0.268426
0.209537
0.103539
0.065233
0.056805
0.065357
0.029951
0.019567
0.037492
 0.15045
0.329156
0.198278
0.112987
0.111544
0.045043
0.026012
0.037081
0.284278
0.241648
0.400353
0.168563
0.093999
0.078159
 0.05605
0.142623
0.092778
0.118141
 0.06561
0.037123
0.287647
 0.29264
0.213988
 0.06479

0.036161
0.023624
0.045265
0.181643
0.397402
0.239388
0.136413
0.134671
0.054382
0.081508
0.066552
0.111247
0.071873
0.228681
0.153486
 0.03883
 0.11136
 0.15056
0.172193
0.112014
0.142636
0.079214
 0.04482
0.347286
0.353315
0.258356
0.078224
0.156076
0.184272
0.148157
0.154192
0.184769
0.106772
0.125903
0.058935
0.095244
0.110392
0.070655
 0.05307
0.066095
0.080424
0.181808
0.272394
0.161316
0.182758
0.196144
0.270596
0.199773
0.146632
0.154676
0.106447
0.084577
0.114484
0.136824
0.110427
0.172802
0.127631
0.053924
0.142726
0.179432
0.160993
0.182561
0.089204
0.128891
0.170718
0.162273
0.100361
0.088193
0.164364
0.149345
0.355179
0.329723
0.158006
0.217982
0.160929
0.118121
0.124601
0.085749
0.068132
0.092224
 0.11022
0.285253
0.199817
0.222099
0.134169
 0.07655
0.050648
0.079947
0.071124
0.102532
0.103829
0.137524
0.130721
0.080847
0.071045
0.132405
0.120306
0.286119
0.265612
0.136238
 0.13866
0.105549
0.080512
0.031373
0.050581
0.254596
0.380843
0.329973
0.229579
0.160818
0.178751
0.107983
0.061609
0.040763
0.064344
0.057242
 0.08252
0.307741
0.173877
0.095087
0.035453
0.023092
 0.04341
0.062431
0.253962
0.468362
0.109648
0.111598
0.084949
0.064798
 0.02525
0.040709
0.204905
0.306513
0.265571
0.282121
0.227143
0.087201
0.074595
0.076375
0.068325
0.072575
0.128866
0.106501
0.216778
0.122482
0.066981
0.024973
0.016267
0.030579
0.043977
0.178896
0.329923
0.288149
0.099752
0.145255
0.076633
 0.04134
0.050131
0.070315
0.146803
0.239689
0.198731
0.160004
0.061426
0.052546
  0.0538
0.048129
0.051123
0.090776
0.075021
0.067638
0.177216
0.232831
0.275271
0.352607
0.278396
0.239832
0.215291
0.125684
0.294887
0.102085
0.148651
0.078425
0.042307
0.051303
0.071959
0.150236
0.245293
0.084958
0.150828
0.090316
0.111588
0.071222
 0.02886
0.046507
0.058455
0.110166
0.069219
 0.18136
0.238275
0.281708
0.360852
0.284906
 0.24544
0.220325
0.128623
0.234167
 0.13683
0.139354
0.156305
0.040682
0.021157
0.074873
0.115346
0.242663
0.136122
0.241661
0.144706
 0.17879
0.114113
 0.04624
0.074515
0.093658
0.176511
0.275905
0.293018
0.058444
0.040321
0.005494
0.003451
0.005551
0.019445
0.060018
0.375189
0.219232
0.223276
0.250436
0.065181
0.033898
0.119963
 0.18481
0.388801
0.159357
0.109066
0.178832
0.043884
0.003612
0.038441
0.051243
0.091924
0.219483
0.435772
  0.4628
0.092308
0.063685
0.008677
 0.00545
0.008767
0.030712
0.094794
0.041799
0.070393
 0.09906
 0.12923
0.149838
 0.11211
0.168506
 0.05236
0.039302
0.251692
0.172262
0.282452
0.069312
0.005705
0.060714
0.080934
0.145188
0.346658
0.131542
0.129176
0.150978
0.108717
0.172312
0.102658
0.107795
0.106752
0.106485
 0.05849
0.098502
0.138616
0.180834
0.209671
0.156878
0.235794
0.073269
0.054995
0.204562
0.223205
0.192601
0.255208
0.088234
0.035666
0.044402
0.210674
0.192068
 0.18407
0.180758
0.211266
0.152129
0.241119
0.143652
0.150839
 0.14938
0.149006
0.096295
0.110491
0.148119
0.175214
0.188402
0.236226
0.205466
0.120717
0.116703
0.163465
0.178363
0.153908
0.203936
0.070508
0.028501
0.035482
 0.16835
0.153481
 0.02969
0.042324
0.324474
0.275816
0.456962
0.192397
 0.10729
0.089211
0.063976
0.076949
0.088293
0.118362
0.140013
0.150552
0.188768
0.164187
0.096465
0.093257
0.158212
0.139935
0.113962
0.286581
0.087293
0.086059
0.162296
0.098607
0.149722
0.025909
0.036934
0.283153
0.240691
0.398768
0.167895
0.093627
 0.07785
0.055829
0.142058
 0.09241
0.117673
0.065351
0.036976
0.286508
0.291482
0.213141
0.064534
0.138064
0.122115
0.099449
0.250085
0.076177
  0.0751
0.141628
0.086049
0.130656
0.026804
0.060553
 0.13993
0.267572
0.118326
0.236929
0.229495
0.088596
0.035558
0.157374
0.102373
 0.13036
0.072396
0.040962
0.317397
0.322907
0.236121
0.071492
0.142643
0.168413
0.135406
0.140922
0.168867
0.097582
0.115067
0.053863
0.087046
0.029694
0.067081
0.155016
 0.29642
0.131083
0.262473
0.254237

0.098148
0.039391
0.224853
0.166784
0.186649
0.149589
0.086157
0.081083
0.164792
0.147181
0.220742
0.099521
0.155735
0.115025
0.048598
0.128629
0.161709
0.145092
0.164529
0.080393
 0.11616
0.153857
0.146245
0.090449
0.079482
 0.14813
0.134594
0.320099
0.297157
 0.10033
0.063184
0.130418
0.065501
0.035614
0.125656
0.111841
0.187858
0.148529
0.166168
0.372491
0.298971
0.353444
0.196891
0.045695
0.028212
0.035781
0.056762
0.096629
0.127987
0.121656
0.075241
0.066118
0.123223
0.111963
0.266277
0.247193
0.126791
0.129045
 0.09823
0.074929
0.029197
0.047073
 0.23694
0.354433
 0.30709
0.138228
 0.30986
0.248702
0.294015
0.163785

0.038012
0.023468
0.029765
0.047218
0.051164
  0.0411
0.076208
0.043822
 0.05254
0.148641
0.286974
0.189774
0.109459
0.123496
0.125691
0.095677
0.072982
0.028439
 0.04585
0.230782
0.345222
0.299109
0.317749
0.255828
0.098214
0.084016
 0.08602
0.076954
 0.08174
 0.14514
0.119951
0.049834
0.040032
0.074227
0.042683
0.051175
0.144778
0.279516
0.184842
0.106614
0.298624
0.249911
0.185407
0.187029
0.153886
0.093203
0.107915
0.101608
0.130753
0.219699
0.176885
0.067907
 0.05809
0.059476
0.053207
0.056517
0.100353
0.082937
0.074774
0.195913
0.257396
0.304314
 0.38981
 0.30777
0.265136
0.238005
0.138944
0.206475
0.172794
0.128195
0.129316
  0.1064
0.064443
0.074615
0.070254
0.090405
0.041994
0.162685
0.154944
0.154891
0.145436
0.123199
0.161681
0.106279
0.019999
0.070861
0.185662
0.243927
 0.28839
0.369411
0.291664
0.251262
0.225551
0.131674
0.239722
0.140075
0.142659
0.160013
0.041647
0.021659
0.076649
0.118082
0.248419
0.039797
0.154172
0.146836
0.146786
0.137826
0.116752
0.153221
0.100717
0.018952
0.101569
0.272055
0.100169
0.044162
0.057006
0.072947
0.095356
 0.08769
0.038109
0.342069
0.199879
0.203566
0.228329
0.059428
0.030906
0.109374
0.168496
0.354479
0.145289
0.099438
0.163046
 0.04001
0.003293
0.035047
0.046719
 0.08381
0.200108
0.144933
0.388207
0.142936
0.063017
0.081344
0.104091
0.136067
0.125129
 0.05438
 0.05882
0.154116
0.127591
 0.08355
0.309268
0.253413
0.036935
 0.04241
0.071452
0.203708
0.139421
0.228604
0.056098
0.004618
0.049139
0.065504
0.117508
0.280569
0.106465
0.104549
0.122195
 0.08799
0.139461
0.083087
0.087244
  0.0864
0.086184
0.082471
0.216085
0.178893
0.117144
 0.43362
0.355308
0.051787
0.059462
0.100183
0.128666
0.055342
0.110146
0.311118
0.262476
0.106457
0.033005
0.122681
0.189612
0.141352
0.138809
0.162237
0.116824
0.185162
0.110314
0.115834
0.114713
0.114426
0.073947
0.084849
0.113745
0.134552
0.144679
0.181404
0.157783
0.092702
0.089619
 0.17083
0.073477
0.146241
 0.41307
0.348488
0.141342
 0.04382
0.162883
0.251747
0.066942
0.099934
0.181053
0.314552
0.174694
0.155407
0.131587
0.100425
0.086507
0.080435
0.092294
0.123724
0.146357
0.157373
 0.19732
0.171626
0.100835
0.097482
 0.16538
0.146275
0.119125
0.299565
0.091248
0.089958
0.169649
0.103074
0.156506
0.072815
0.108702
0.196937
0.342149
0.190021
0.169042
0.143132
0.109236
0.094097
0.066398
0.125266
0.134121
0.266727
0.412529
0.157959
0.106563
 0.04639
0.075275
0.152051
0.134486
0.109524
 0.27542
0.083894
0.082708
0.155976
0.094767
0.143892
0.029519
0.066687
0.154106
0.294679
0.130313
0.260931
0.252744
0.097571
 0.03916
0.061047
 0.11517
0.123311
0.245229
 0.37928
0.145228
0.097974
0.042651
0.069208
 0.09966
0.074489
0.161316
0.194532
0.301269
0.268383
0.061685
0.056821
0.066997
0.030431
0.068747
0.158865
 0.30378
0.134338
 0.26899
 0.26055
0.100585
0.040369
0.230436
0.170925
0.191283
0.153303
0.088296
0.083096
0.168883
0.150836
0.226223
0.102738
 0.07679
0.166298
 0.20054
0.310573
0.276671
 0.06359
0.058576
0.069066
0.133439
0.201687
0.137416
 0.10752
0.205055
0.157777
0.113478
0.047944
 0.08136
 0.11335
0.071384
0.147342
0.074001
0.040236
0.141963
0.126355
0.212237
0.167804
0.187732
 0.42083
 0.33777
0.399311
0.222442

0.051626
0.031873
0.040425
0.064129
0.067305
 0.05039
0.033644
0.031874
0.043715
0.090524
0.222167
0.141656
0.157215
0.041215
 0.07195
0.098368
0.185652
0.256082
0.219439
0.104855
0.089379
0.044099
 0.17849
0.400112
0.321141
0.379653
0.211491
0.049084
0.030304
0.038435
0.060972
0.066066
0.053071
0.098405
0.056586
0.067843
0.191936
 0.37056
0.245049
0.141341
0.039186
0.068408
0.093525
0.176512
0.243475
0.208636
0.099693
0.084978
0.041928
0.047517
 0.03056
0.033039
0.035717
0.055774
0.133023
0.148974
0.106182
0.031696
0.053302
0.042818
0.079392
0.045653
0.054736
0.154852
0.298965
0.197704
0.114033
0.319403
0.267301
0.198308

0.200043
0.164594
0.099688
0.115424
0.108678
0.139851
0.038337
0.024655
0.026656
0.028816
0.044998
0.107322
0.120191
0.085667
0.025572
0.184798
0.205993
0.547381
0.199971
0.086409
0.061229
0.040569
0.089053
0.085856
 0.23957
0.200491
0.148743
0.150043
0.123455
0.074772
0.086575
0.081515
0.104896
0.048725
0.188761
0.179779
0.179718
0.168747
0.142946
0.187597
0.123314
0.023204
0.138609
0.154506
0.410567
 0.14999
0.064811
0.045925
0.030429
0.066795
0.064397
0.127123
0.191997
0.403777
0.225263
0.095275
 0.16786
0.130883
0.071973
0.181572
0.052596
0.203756
0.194061
0.193995
0.182153
0.154302
  0.2025
 0.13311
0.025048
0.134235
0.359553
0.132386
0.058365
 0.07534
0.096408
0.126024
0.115893
0.050366
0.137221
0.207249
0.435854
0.243158
0.102843
0.181195
 0.14128
0.077691
0.195996
0.026852
0.086054
0.138731
0.122122
0.064023
0.064225
0.088853
0.186725
0.192527
0.156728
0.419801
0.154569
0.068145
0.087964
0.112563
0.147141
0.135313
0.058806
0.063607
0.166659
0.137975
 0.09035
0.334438
0.274038
0.039941
0.045861
0.077268
0.031351
0.100474
0.161977
0.142585
 0.07475
0.074987
0.103742
0.218013
0.224788
0.113549
0.134297
0.148196
0.242549
0.248314
 0.19103
0.146909
0.149489
0.140446
 0.06943
0.181915
0.150605
 0.09862
0.365052
0.299123
0.043598
0.050059
0.084341
 0.10832
0.046591
0.092729
0.261921
0.220971
0.089623
0.027786
0.103281
0.159629
0.123943
 0.14659
0.161762
0.264751
0.271044
0.208516
0.160357
0.163173
0.153302
0.097914
 0.08888
0.108891
0.119679
0.172257
0.089336
 0.20815
0.214382
0.118462
0.150368
0.064676
0.128724
0.363593
0.306747
0.124412
0.038572
0.143373
0.221593
0.058924
0.087964
0.159367
0.276876
 0.15377
0.136793
0.115826
0.088396
0.076145
0.135923
0.123382
0.151161
0.166136
0.239124
0.124014
0.288949
0.297601
0.164447
0.052133
0.131358
0.107377
0.094944
0.137421
  0.0973
 0.09476
0.132152
0.099713
 0.07821
0.116755
0.211528
0.367498
0.204099
0.181566
0.153736
0.117329
0.101068
0.071318
0.134547
0.144057
0.286488
0.443092
0.169662
0.114457
0.049827
0.080852
0.069196
0.174352
0.142522
0.126019
0.182399
0.129147
0.125776
0.175405
 0.13235
0.093564
0.095748
0.081959
0.054658
0.048502
0.162532
0.194949
0.059767
0.146828
0.063425
0.119657
0.128115
0.254783
0.394056
0.150886
0.101791
0.044312
0.071905
0.103543
0.077391
  0.1676
 0.20211
0.313005
0.278838
0.064088
0.059035
0.069607
 0.08321
0.085152
0.072889
0.048609
0.043134
0.144545
0.173375
0.053153
0.130579
0.302569
0.208258
0.134555
0.038676
0.201909
0.246226
0.190442
0.148782
0.148738
0.106066
0.079277
0.171684
0.207035
0.320632
0.285633
0.065649
0.060473
0.071303
0.137761
 0.20822
0.141867
0.111002
0.211697
0.162888
0.117153
0.049497
0.083995
0.309942
0.213332
0.137834
0.039618
0.206829
0.252225
0.195082
0.152407
0.152362
0.185545
0.135198
0.058703
0.144438
0.095159
0.186054
0.152314
0.071831
0.145749
0.083702
0.062666
 0.04184
 0.03964
0.054365
0.112578
0.276292
0.176167
0.195516
0.051256
0.089478
0.122332
0.230881
 0.31847
  0.2729
  0.1304
0.111153
0.054842
0.221785
0.122532
0.094868
0.151185
0.086679
0.085547
0.048134
 0.10285
0.186443
0.284492
 0.28261
0.371692
  0.1178
0.105866
0.120053
0.082293
0.058148
0.173757
0.052356
  0.0914
0.124959
 0.23584
0.325309
0.278761
  0.1332
 0.11354
 0.05602
0.063488
0.040831
0.044144
0.047722
0.074521
0.177733
0.199046
0.141871
0.042349
0.290602
0.288679
0.379675
 0.12033
 0.10814
0.122632
 0.08406
0.059397
0.177489
  0.0814
0.100658
0.058099
0.139912
0.205824
0.245175
0.193147
0.079378
0.103545
 0.04903
0.031533
0.034091
0.036854
 0.05755
0.137258
0.153717
0.109563
0.032705
0.236346
0.263453
0.700068
0.255752
0.110512
0.078308
0.051886
0.113893
0.109805
0.062863
0.077735
0.044868
 0.10805
0.158952
0.189341
0.149162
0.061302
0.079965
0.098117
0.127868
0.183478
0.151548
0.065103
0.049225
0.024268
0.018636
0.031358
0.168253

0.187551
0.498375
0.182068
0.078673
0.055747
0.036937
 0.08108
 0.07817
0.154311
0.233059
0.490134
 0.27344
0.115651
0.203761
0.158875
0.087366
0.220405
0.069849
0.091028
0.130617
0.107886
0.046346
0.035043
0.017276
0.013267
0.022324
0.089611
0.075742
0.079339
0.082644
0.073493
0.088162
0.062603
0.092395
0.058591
0.173919
0.262674
0.552414
0.308185
0.130347
0.229652
0.179063
0.098467
0.248412
0.034033
0.109068
0.175832
0.154781
0.081144
0.081401
0.112615
0.236661
0.244015
0.100998
0.085366
0.089421
0.093145
0.082832
0.099365
0.070558
0.104135
0.066037
0.048314
0.033116
0.073086
0.076522
0.055044
0.067679
0.070981
0.119481

0.073577
0.038609
0.123734
0.199474
0.175593
0.092055
0.092347
0.127758
0.268483
0.276826
0.139835
0.165386
0.182503
0.298698
0.305798
0.235252
0.180918
0.184095
0.172959
0.054811
0.037569
0.082913
0.086811
0.062446
0.076779
0.080525
0.135547
 0.08347
0.141187
0.130293
0.208668
0.069352
 0.04357
0.011713
0.075531
0.173081
0.363738
0.135064
0.159743
0.176275
0.288505
0.295363
0.227225
0.174745
0.177813
0.167057
0.106699
0.096855
0.118661
0.130417
0.187712
0.097351
0.226825
0.233617
0.129091
0.136369
0.125847
0.201548
0.066985
0.042083
0.011313
0.072953
0.167174
0.351326
0.179756
0.166961
0.150394
0.202879
0.127212
0.074753
0.062241
0.057457
0.051851
0.152204
0.138161
0.169267
0.186036
0.267767
0.138869
0.323561
0.333249
0.184145
0.058377
0.147092
0.120239
0.106316
0.153882
0.108955
0.106111
0.147981
0.111657
0.256417
0.238166
0.214533
0.289401
0.181465
0.106634
0.088785
0.081962
0.073964
  0.1111
0.036932
0.051633
0.039074
0.060082
0.083915
0.125157
0.217163
0.117762
0.091301
0.230048
0.188051
0.166276
0.240667
0.170403
0.165955
0.231439
0.174629
0.123453
0.126335
0.108141
0.072118
0.063996
0.214453
0.257226
0.078859
0.193732
0.173757
0.057761
0.080752
 0.06111
0.093967
0.131241
0.195742
0.339637
0.184177
 0.06784
0.131343
0.232446
0.205188
0.210688
0.107072
0.049334
0.095101
0.162264
0.096934
0.099196
0.084911
0.056626
0.050248
0.168385
 0.20197
0.061919
0.152115
0.352473
0.242606
0.156747
0.045055
 0.23521
0.286836
0.221852
 0.17332
0.173269
0.053267
0.103128
0.182513
 0.16111
0.165429
0.084071
0.038736
0.074672
0.127407
0.138163
0.096887
0.148718
0.271436
0.301682
0.172173
0.103093
0.118799
0.122391
0.334281
0.230085
0.148657
0.042729
 0.22307
0.272032
0.210402
0.164375
0.164327
0.200115
0.145814
0.063312
0.155781
0.102631
0.200665
0.164275
0.077472
0.157194
0.131032
0.091887
0.141043
0.257427
0.286112
0.163287
0.097772
0.112668
0.116074
0.204029
0.161885
0.159356
0.093817
0.086932
0.069015
0.075905
0.103623
0.066207
0.211896
0.117069
0.090638
0.144444
0.082814
0.081733
0.045988
0.098264
 0.17813
0.271807
0.270009
 0.35512
0.112548
0.101146
0.114701
0.078624
0.055556
 0.16601
0.169392
0.245648
0.218736
0.224371
0.081268
0.037659
0.152959
0.142062
0.184147
0.126051
 0.15026
0.241396
 0.20641
0.144864
0.071752
0.085328
0.175933
0.181808
 0.26951
0.267727
0.352119
0.111597
0.100291
0.113731
0.077959
0.055086
0.164607
0.075492
0.093352
0.053882
0.129757
0.190885
 0.22738
0.179128
0.073617
 0.09603
0.124986
0.148991
0.239356
0.204666
0.143639
0.071146
0.084607
0.174446
0.180271
0.045659
0.122621
0.207179
0.263013
0.243062
0.216691
0.132101
0.043153
0.060636
0.095441
0.118019
 0.06812
0.164044
0.241325
0.287464
0.226462
 0.09307
0.121405
0.148964
0.194132
0.278562
0.230084
 0.09884
0.074735
0.036845
0.028294
0.047609
0.057724
0.155023
0.261924
0.332512
0.307289
 0.27395
0.167008
0.054555
0.076659
 0.10645
0.057198
0.108586
0.115009
 0.18764
0.082954
 0.09338
0.072742
0.105761
0.156884
0.204454
0.293373
0.242318
0.104096
0.078709
0.038804
0.029798
 0.05014
0.201272
 0.17012
  0.1782
0.185623
 0.16507
0.198017
 0.14061
0.207524
0.131599
 0.11211
0.060239
0.114359
0.121124
0.197617
0.087364
0.098345
0.076609
0.111384
 0.40492
0.316928
0.104594
0.140603
0.162881
0.101911
0.086534
0.089286
0.136079
0.177789
0.150272
0.157409
0.163966
0.145811
0.174914
0.124205
0.183312
0.116246
0.085049
0.058295
0.128655
0.134703
0.096896
0.119137
 0.12495
0.210325
0.129519
0.357678
0.279952
0.092391
0.124199
0.143878
0.090021
0.076438
0.078869
0.120203
0.388722
  0.0564
0.131888
0.260398
0.160828
0.201742
0.065031
0.091961
0.172887
0.054282
0.037207
0.082113
0.085973
0.061843
0.076038
0.079748
0.134238
0.082665
0.139824
0.129036
0.206654
0.068683
0.043149
  0.0116
0.074802
 0.17141
0.360227
0.248099
0.035997
0.084177
0.166197
0.102648
 0.12876

0.041505
0.058693
0.110344
0.458511
0.299805
0.118686
0.091082
0.089778
0.109195
0.054996
0.086422
0.442001
0.128981
0.119029
0.190629
0.063356
0.039803
  0.0107
0.069001
0.158118
0.332293
0.170017
0.157916
0.142246
0.191887
 0.12032
0.070703
0.058869
0.054345
0.049042
0.422954
0.276555
0.109482
0.084018
0.082815
0.100727
0.050731
0.079721
0.407725
0.215614
0.307477
0.121422
0.064524
0.039142
 0.02108
0.054274
0.046719
0.118869
0.253768
0.235705
0.212317
0.286411
 0.17959
0.105532
0.087868
0.081115
0.073199
0.109952
0.036551
0.051099
 0.03867
0.059462
0.083048
0.123864
 0.21492
0.116545
0.321826
0.458941
0.181234
0.096309

0.058423
0.031464
0.081009
0.069733
0.177424
 0.09945
0.206872
0.204514
0.234752
0.076101
0.100387
0.058028
0.054668
0.106464
 0.15906
0.052876
0.073922
0.055942
0.086019
 0.12014
0.179186
 0.31091
0.168599
0.062102
0.120234
0.212785
0.187833
0.192868
0.098016
0.045161
0.087058
 0.14854
0.143868
0.299268
0.295857
  0.3396
0.110091
0.145223
0.083945
0.079084
0.154015
0.190802
0.242459
0.257566
0.116907
0.080016
0.036781
0.062872
0.094553
0.166498
 0.06022
0.116591
0.206338
0.182142
0.187024
0.095046
0.043793
 0.08442
0.144039
0.156199
0.109535
0.168132
0.306869
0.341064
0.194649
0.116551
0.134307
0.138368
0.185021
0.235113
0.249762
0.113365
0.077591
0.035667
0.060967
0.091688
0.161453
0.148736
0.161803
0.157964
0.263851
0.219851
0.171983
0.154913
0.109774
0.048478
0.147188
0.103216
0.158432
0.289165
0.321388
0.183419
0.109827
0.126559
0.130385
0.229185
0.181844
0.179004
0.105384
 0.09765
0.077524
0.085263
0.116399
 0.07437
0.140155
0.152469
0.148851
0.248629
0.207167
0.162061
0.145976
0.103441
0.045681
0.134961
0.095736
0.174311
0.250149
0.333509
    0.193
0.026733
0.049035
0.065126
0.187532
0.271954
 0.24216
0.248399
0.089971
0.041692
0.169339
0.157275
0.203867
 0.13955
0.166351
0.267246
0.228514
0.160377
0.079436
0.094466
0.194773
0.201277
0.264047
0.211401
0.100887
0.128506
0.131976
0.103585
0.077953
0.079992
0.077223
0.177211
0.109349
0.159981
0.067844
0.038439
0.026308
0.054459
0.211793
0.253566
0.122708
0.146276
0.234994
0.200937
0.141022
 0.06985
0.083065
0.171267
0.176986
0.044827
0.120386
0.203404
 0.25822
0.238632
0.212742
0.129694
0.042366
0.059531
0.155825
0.096152
0.140674
0.059656
  0.0338
0.023133
0.047887
0.186233
0.222965
0.191602
0.156722
0.245857
 0.27991
 0.16145
0.182738
0.267961
0.207743
 0.08355
0.041487
0.111418
0.188251
0.238984
0.220856
0.196894
0.120032
 0.03921
0.055097
0.076508
0.041109
0.078043
0.082659
0.134861
0.059621
0.067115
0.052281
0.076013
0.177328
0.145047
0.227542
0.259058
0.149423
0.169125
0.247999
0.192267
0.077326
0.161571
0.148559
0.227709
 0.40978
0.141844
0.211196
0.248736
0.071007
0.072325
0.076193
 0.04094
0.077722
0.082319
0.134306
0.059375
0.066838
0.052066
  0.0757
0.275195
0.215393
0.071085
0.095558
0.110699
0.069261
0.058811
0.060681
0.092483
0.160906
0.147947
0.226771
0.408092
 0.14126
0.210326
0.247711
0.070715
0.072028
0.514272
0.251617
0.043235
0.060785
0.059241
0.012538
0.028772
0.077193
 0.17574
0.273414
0.213999
0.070625
0.094939
0.109982
0.068813
 0.05843
0.060288
0.091885
0.297144
0.043113
0.100817
0.199052
0.122939
0.154214
 0.04971
0.070296
0.132157
0.510943
0.249988
0.042955
0.060392
0.058858
0.012457
0.028586
0.076693
0.174603
0.286287
0.093975
0.071565
0.022498
 0.14591
0.306083
0.078772
0.088987
0.184498
 0.20102
0.029166
0.068203
 0.13466
0.083169
0.104327
0.033629
0.047556
0.089405
0.371505
0.242914
0.096164
0.073798
0.072741
0.088474
 0.04456
0.070023
0.358128
0.193675
0.063575
0.048414
 0.01522
0.098709
0.207067
0.053289
0.060201
0.124814
0.499079
0.142954
0.108729
0.013695
0.016912
0.014583
 0.05599
0.149885
 0.34695
0.315967
  0.2066
0.081788
0.062766
0.061867
0.075248
0.037898
0.059555
 0.30459
0.161074
  0.2297
0.090708
0.048203

0.029241
0.015748
0.040545
0.034901
0.088801
0.424469
0.121583
0.092474
0.011648
0.014383
0.012403
 0.04762
0.127478
0.295083
0.432769
 0.33592
0.084963
0.050494
0.028247
0.018847
0.028007
 0.05856
0.116765
0.227327
0.324181
0.128018
0.068029
0.041268
0.022225
0.057222
0.049257
0.125326
0.070248
0.146127
0.144462
0.165821
0.053756
 0.07091
0.040989
0.038615
0.075203
0.610777
0.474092
 0.11991
0.071264
0.039866
0.026599
0.039527
0.082647
0.164793
0.039904
0.064347
0.071705
0.066482
0.141131
0.080632
0.068568
  0.0581
0.047992
0.124329
0.258625
0.255677
 0.29348
 0.09514
0.125501
0.072545
0.068344
0.133099
 0.16489
0.209531

0.222586
 0.10103
0.069149
0.031786
0.054333
0.081712
0.143886
0.070624
0.113885
0.126908
0.117664
0.249782
0.142707
0.121356
0.102829
0.084939
0.066719
0.055164
0.144536
0.095105
0.229847
0.324431
0.346734
0.232606
0.117093
0.169451
0.215327
0.228744
0.103825
0.071062
0.032665
0.055836
0.083972
0.147867
 0.13622
0.148187
0.144671
0.241647
 0.20135
 0.15751
0.141877
0.100536
0.044399
0.068564
 0.05669
0.148535
0.097736
0.236205
0.333405
0.356325
 0.23904
0.120332
0.051886
0.118544
0.126102
0.174655
0.173072
0.243168
0.199714
0.062612
0.071825
0.138268
0.150416
0.146847
0.245282
0.204378
0.159879
 0.14401
0.102048
0.045066
0.133144
0.094447
0.171964
0.246781
0.329018
0.190401
0.026373
0.048375
0.064249
0.052666
0.120327
0.127999
0.177282
0.175675
0.246825
0.202717
0.063553
0.072906
0.084851
0.189984
0.059644
0.114852
0.307639
0.355063
0.079694
0.075193
0.084671
0.326823
0.261661
0.124872
0.159058
0.163353
0.128212
0.096486
 0.09901
0.095583
0.219343
0.135346
0.198016
0.083973
0.047578
0.032562
0.067407
0.262145
 0.31385
0.236723
 0.19053
0.208206
0.157549
0.068582
 0.06945
0.030478
0.106492
0.166826
0.269658
0.104431
0.093848
0.129109
0.082656
 0.07979
0.110781
0.110806
0.260174
0.168517
0.103984
0.152132
0.064515
0.036553
0.025017
0.051787
0.201402
0.241126
0.207208
0.169487
0.265883
 0.30271
0.174601
0.197622
0.289787
0.224664
0.090355
0.207174
0.080233
0.072102
0.099193
0.063503
0.061302
0.085112
0.085131
0.199888
0.125763
0.076342
0.158697
0.243042
0.106935
0.125679
0.210443
0.229268
0.165469
0.144498
0.118193
0.185415
0.211097
0.121759
0.137813
0.202085
0.156671
 0.06301
0.131658
0.121055
0.185551
0.333913
0.115583
0.172095
0.202685
0.057861
0.058935
0.087702
0.053238
0.110668
0.169487
0.074572
0.087643
0.146754
0.159882
0.115391
0.042802
0.170132
0.191911
0.245796
0.257587
0.276658
0.298347
0.127816
0.113257
 0.12577
0.115641
0.177253
 0.31898
0.110414
0.164399
0.193621
0.055274
  0.0563
0.401974
0.196673
0.033794
0.047512
0.046305
  0.0098
 0.02249
0.060337
0.137365
0.040888
0.162524
0.183328
0.234803
0.246067
0.264286
0.285005
  0.1221
0.108192
0.250537
0.163796
0.120744
0.114631
0.075374
0.069296
0.127273
0.092338
0.134907
0.415404
0.203244
0.034923
0.049099
0.047852
0.010128
0.023241
0.062352
0.141954
0.232755
0.076403
0.058183
0.018292
0.118627
 0.24885
0.064042
0.072348
0.149999
0.258907
0.169268
0.124778
0.118461
0.077893
0.071611
0.131525
0.095422
0.139414
0.269989
0.207834
0.255055
0.213029
0.094774
0.077941
0.121864
0.207197
0.319811
0.182197
0.059807
0.045545
0.014318
0.092859
0.194795
0.050131
0.056633
0.117417
0.469501
0.134482
0.102285
0.012883
0.015909
0.013719
0.052672
0.141002
0.326388
0.211343
0.162689
0.199653
0.166756
0.074188
0.061011
0.095393
0.162191
0.250343
0.185645
 0.20829
0.227402
0.138529
0.071757
0.084089
0.129933
0.163763
0.255586
0.380051
 0.10886
0.082797
0.010429
0.012878
0.011105
0.042637
0.114138
0.264204
0.387483
0.300768
0.076072
 0.04521
0.025291
0.016875
0.025076
0.052432
0.104546
0.150276
0.168606
0.184077
0.112136
0.058085
0.068068
0.105178
0.132563
0.206891
0.322391
0.393438
0.150096
0.056013
0.057611
0.066327
0.095076
 0.06388
0.077397
0.464601
0.360628
0.091212
0.054208
0.030325
0.020233
0.030067
0.062867
0.125354
0.030354
0.048947
0.054544
0.050571
0.107355
0.061334
0.052158
0.044195
0.036506
0.386555
0.471742
0.179968
0.067161
0.069077
0.079527
0.113998
0.076593
0.092801
0.243882
0.235039
0.087882
 0.09429
0.071835
 0.04731
0.005109
0.035684
0.057664
0.053955
0.087005
0.096954
0.089892
0.190827
0.109024
0.092713
0.078559
0.064891
0.050971
0.042143
0.110422
0.072657
0.175597
0.247856
0.264895
0.177704
0.089456
0.433509
 0.41779
0.156214
0.167604
 0.12769
0.084095
0.009081
0.063429
0.102501
0.039542
0.181914
0.152873
0.110784
0.162839
0.191938
  0.1851
0.169605
0.176776

0.057901
0.047873
0.125435
0.082536
0.199471
0.281554
 0.30091
0.201865
0.101618
0.043817
0.100108
0.106491
0.147493
0.146156
0.205351
0.168655
0.052874
0.060655
0.044918
0.206647
0.173657
0.125846
0.184978
0.218034
0.210266
0.192664
0.200811
0.112997
0.227459
0.211374
0.148923
 0.11046
0.108008
0.136696
0.267999
0.166658
0.048995
0.111939
0.119077
0.164925
 0.16343
0.229621
0.188587
0.059123
0.067824
0.078937
0.176741
0.055487
0.106847
0.286195
0.330313
0.074139
0.069952
0.078769
0.126351
0.254341
0.236356
0.166523
0.123515
0.120774
0.152852
0.299673
0.186355
0.060327
0.058306
0.095862
 0.26454
0.239882
0.167886
0.158484

 0.13237
0.066765
0.220843
0.177749
0.194239
 0.14698
0.063981
0.064791
0.028434
0.099348
0.155635
0.251569
0.097426
0.087552
0.120448
0.077111
0.074438
 0.10335
0.103373
0.242721
0.066665
0.128457
0.223543
0.185673
0.188483
0.228892
0.264823
0.149173
0.050348
0.176779
0.174795
0.392347
0.119318
0.264114
0.172523
0.021763
0.044755
0.100936
0.169581
0.065674
0.059018
0.081194
 0.05198
0.050178
0.069668
0.069683
0.163617
0.102943
 0.06249
  0.1299
0.198941
0.087531
0.102874
0.172257
0.187666
0.135444
0.119166
0.117829
 0.26448
0.080432
0.178038
0.116297
 0.01467
0.030169
0.068041
0.129767
0.165171
0.407802
0.370948
0.256961
 0.11704
0.096133
0.122201
0.367847
0.066914
0.040619
0.084436
0.129313
0.056896
0.066869
0.111968
0.121985
 0.08804
0.032657
0.129806
0.146422
0.187534
0.196531
0.211081
 0.22763
0.097519
0.086412
 0.08435
0.107363
0.265075
 0.24112
0.167027
0.076077
0.062487
0.079432
0.239104
0.057723
0.120393
0.366324
0.446777
0.116664
0.167978
0.171462
0.143948
0.094633
0.035012
0.139165
0.156979
0.201056
0.210701
0.226301
0.244042
0.104551
0.092642
0.214528
0.140254
 0.10339
0.098156
0.064541
0.059337
0.108981
0.079066
0.115517
0.061885
0.129074
0.392737
 0.47899
0.125076
0.180089
0.183825
0.154327
0.101456
0.150038
0.113246
0.085001
0.067868
0.038188
0.076376
0.119608
 0.11732
0.108702
0.284492
0.185995
0.137109
0.130167
 0.08559
0.078688
0.144522
0.104852
0.153191
0.296669
0.228373
 0.28026
 0.23408
 0.10414
0.085643
0.133907
0.227673
0.351415
0.198969
0.150179
0.112722
0.090001
0.050642
0.101285
0.158616
0.155582
0.144153
 0.11477
 0.06901
0.185566
0.184477
0.075569
0.116368
0.091979
0.105844
0.060702
0.245914
0.189302
0.232312
0.194033
0.086323
0.070991
0.110997
0.188721
0.291293
0.216012
0.242361
0.264599
0.161189
0.083494
0.097844
0.151187
0.190551
0.297394
0.095134
0.057204
0.153819
0.152916
0.062641
0.096459
0.076243
0.087736
0.050317
0.068926
0.184495
0.133078
0.144399
0.259905
0.207674
0.092892
0.112746
0.056902
0.185162
0.207748
 0.22681
0.138168
 0.07157
 0.08387
0.129595
0.163336
0.254921
0.397233
0.484773
 0.18494
0.069016
0.070985
0.081724
0.117147
0.078709
0.095365
0.059082
0.158146
0.114072
0.123776
0.222786
0.178014
0.079625
0.096644
0.048775
 0.06967
0.060958
0.124037
0.113486
0.210699
0.062206
0.088846
0.087272
0.045703
0.421093
0.513891
0.196048
0.073162
0.075249
0.086633
0.124184
0.083437
0.101093
0.265672
0.256039
0.095734
0.102714
0.078254
0.051537
0.005565
0.038872
0.062817
0.073855
0.064619
0.131488
0.120303
0.223355
0.065943
0.094183
0.092514
0.048448
0.181988
0.248965
0.174745
0.134395
0.102135
0.032281
0.114807
0.081057
0.092668
0.353136
0.340331
0.127252
 0.13653
0.104016
0.068504
0.007397
 0.05167
0.083497
0.032211
0.148187
 0.12453
0.090244
0.132648
0.156353
0.150782
 0.13816
0.144002
0.241902
0.330929
0.232274
 0.17864
 0.13576
0.042909
0.152604
0.107742
0.123176
0.064798
0.055546
0.060046
0.312351
0.266896
0.154848
0.125389
 0.05937
0.032112
0.037488
0.172463
 0.14493
0.105028
0.154379
0.181966
0.175483
0.160793
0.167592
0.094305
0.189832
0.176408
0.124288
0.092188
0.090142
0.114084
0.223666
0.139089
0.075413
0.064645
0.069882
0.363521
0.310619
0.180215
 0.14593
0.069096
0.037372
0.180908
0.204819
0.289065
0.265095
0.242782
0.077286
0.071585
0.021192
0.047958
0.092043
0.185279
0.172177
0.121307
0.089977
 0.08798
0.111347
0.218302
0.135753
0.043946
0.042474
0.069832
0.192709
0.174746
0.122299
0.115451
0.096427
0.048636
0.176569
0.199906
0.282132
0.258737
0.236959
0.075432
0.069869
0.020684
0.046808
0.210693
0.180465
0.073142
0.066552
 0.19482
0.453769
0.276672
0.066352
0.060943
0.062352
0.120145
 0.20908
0.173659
0.176288
0.214082
0.247688
0.139521
 0.04709
0.165341
0.163485
0.366961
0.111597
0.247025
 0.16136
0.020355
0.041859
0.094406
0.037211
0.061718
0.061799
0.099095
 0.19733

0.159475
0.195419
0.184996
0.025652
0.189578
0.196854
0.267601
0.124269
0.128911
0.152272
0.165864
0.156172
0.197035
0.119608
0.118265
 0.26546
 0.08073
0.178698
0.116728
0.014724
0.030281
0.068293
0.130248
0.165784
0.409314
0.372323
0.257914
0.117474
 0.09649
0.122654
0.369211
0.137141
0.142405
0.193583
0.089896
0.093254
0.110154
0.119986
0.112975
0.142535
0.148375
0.079977
0.112616
0.107452
0.104016
0.098487
0.093952
0.083529
0.099248
0.089082
0.113386
0.279947
0.254647
0.176398
0.080345
0.065993
0.083888
0.252519
0.060962
0.127148
0.386877
0.471843
0.123209
0.177402
0.181082
0.152024
0.099942
 0.10148
  0.0547
0.077023

0.073491
0.071141
0.067359
0.064258
0.057129
 0.06788
0.103856
0.074261
  0.0959
0.143747
0.236868
0.207303
0.129608
0.078357
0.064235
0.064615
0.134767
0.410058
0.500115
0.130592
0.188032
0.191932
0.161133
0.105931
0.156655
0.118241
0.088749
0.070861
0.039872
0.079745
0.124883
0.122494
0.113496
0.110079
 0.07871
0.101646
 0.15236
0.251061
0.219725
0.137374
0.083052
0.068084
0.155094
0.044242
 0.06775
0.142027
0.156414
0.157699
0.122386
0.065536
0.131004
0.234798
0.177222
 0.13302
0.106208
0.059761
0.119523
0.187178
0.183597
0.170111
0.135436
0.081437
0.218981
0.217696
0.089177
0.137323
0.108542
0.124904
0.071633
0.232459
 0.06631
0.101545
0.212873
0.234437
0.236363
0.183435
0.098226
0.196353
0.075226
0.082814
0.168138
0.377289
0.240185
 0.15184
0.127931
0.043302
0.021133
0.122177
0.073465
0.197543
0.196383
0.080447
0.123879
0.097915
0.112676
 0.06462
0.088519
 0.23694
0.170907
0.185446
0.333786
0.266707
0.119298
0.144795
0.073077
0.067861
0.074707
0.151678
0.340352
0.216671
0.136975
0.115406
0.039063
0.019064
0.068008
0.098126
0.128342
0.139888
 0.31483
0.236625
0.127742
0.145325
0.174243
0.088551
0.237025
0.170968
0.185513
0.333905
0.266803
 0.11934
0.144847
0.073103
 0.10442
0.091362
0.185904
 0.17009
0.315791
0.093233
 0.13316
0.130801
0.068498
0.068032
0.098161
0.128388
0.139938
0.314943
 0.23671
0.127788
0.145377
0.174305
0.024708
0.070749
0.051386
0.151947
0.234171
0.193568
0.098293
0.081035
0.071587
0.104671
0.091582
0.186351
0.170499
0.316551
0.093458
 0.13348
0.131116
0.068663
0.257923
0.352847
0.247658
0.190471
0.144752
0.045751
0.162711
0.114878
0.131334
0.024768
0.070919
 0.05151
0.152313
0.234734
0.194034
 0.09853
 0.08123
 0.07176
0.299883
0.313278
0.147004
0.115199
0.112767
0.032469
0.039223
 0.01836
0.123661
0.260681
 0.35662
0.250306
0.192508
  0.1463
 0.04624
0.164451
0.116107
0.132739
0.069828
0.059858
0.064707
  0.3366
0.287616
0.166869
0.135123
0.063979
0.034605
 0.30309
0.316628
0.148576
0.116431
0.113973
0.032816
0.039643
0.018556
0.124983
0.064334
0.051299
  0.0629
0.104203
0.166907
0.208365
 0.08076
0.052257
0.044068
 0.08302
0.071166
0.076932
 0.40019
0.341952
0.198394
0.160651
0.076066
0.041142
0.199157
0.225479
0.318223
0.291836
0.267272
0.085082
0.078806
 0.02333
0.052795
0.076488
 0.06099
0.074783
0.123889
0.198439
0.247729
0.096018
 0.06213
0.052393
0.055401
0.086572
0.140137
0.064945
0.114886
0.108983
0.125612
0.196634
0.078844
0.174144
 0.19716
0.278256
0.255183
0.233704
0.074396
0.068909
  0.0204
0.046165
0.207799
0.177986
0.072137
0.065638
0.192144
0.447536
0.272871
 0.06544
0.060106
0.048443
0.075699
0.122537
0.056788
0.100457
0.095295
0.109836
0.171938
0.068941
0.018895
0.074913
0.189953
0.222448
0.207951
0.194491
0.178768
0.135495
 0.04565
0.036385
 0.06035
0.060429
0.096898
0.192954
0.155938
0.191085
0.180893
0.025083
0.185374
0.192488
0.261666
0.121513
0.126052
0.148895
0.162185
0.152708
0.192665
0.071836
0.092467
 0.22425
0.108874
0.211808
0.328308
0.210743
0.059493
0.080717
0.063803
0.057143
 0.27368
0.177086
0.177001
0.248397
0.253258
0.093158
 0.09335
0.193977
0.201421
 0.27381
0.127152
0.131902
0.155805
0.169712
0.159795
0.201606
0.209866
0.113122
0.159288
0.151984
0.147124
0.139303
0.132889
0.118147
 0.14038
0.066764
0.059795
0.286381
0.185305
0.185215
0.259925
0.265011
0.097481
0.097683
0.146113
0.196808
0.169991
0.150584
0.129125
0.184393
0.083768
0.078177
0.073055
 0.17097
0.092156
0.129766
0.123816
0.119856
0.113485
 0.10826
 0.09625
0.114362
0.174973
0.125112
0.161569
 0.24218
0.399068
0.349259
0.218359
0.132013
0.108221
0.119033
0.160332
0.138486
0.122675
0.105193
0.150218
0.068242
0.063688
0.059515
0.087081
 0.19771
  0.3174
0.287458
0.092013
0.026598
 0.09253
0.037122
0.102803
0.150528
0.107633
0.138996
0.208346
0.343315
0.300464
0.187853
 0.11357
0.093101
0.212085

0.060498
0.092645
0.194215
0.213889
0.215647
0.167358
0.089617
0.179143
0.074915
0.170088
0.273057
0.247298
0.079158
0.022882
0.079603
0.031936
0.088441
0.026654
0.019176
0.052635
0.185851
0.215673
0.242176
0.183973
0.105196
0.044845
0.219002
0.062472
0.095667
 0.20055
0.220866
0.222681
0.172817
 0.09254
0.184986
0.070871
 0.07802
0.158405
0.355449
0.226281
 0.14305
0.120525
0.040796
 0.01991
0.027523
0.019801
0.054352
0.191913
0.222708
0.250076
0.189974
0.108628
0.046307
0.041925
0.044618
0.128846
0.176139
0.034261
0.172039
0.274388
0.318636
0.121971
0.067577
0.074393
0.151042
0.338925
0.215762
0.136401
0.114922
0.038899
0.018984
0.067722
0.097715
0.127804
0.139301
 0.31351
0.235633
0.127206
0.144716
0.173512
0.039976
0.042544
0.122856
0.167951
0.032669
0.164042
0.261633
0.303824
0.116302
0.044944
0.038207
0.069676
0.109939
0.197342
0.334985
0.235077
0.120981
0.103006
0.071897
0.103738
0.135682
0.147888
0.332836
0.250158
0.135048
0.153636
0.184208
0.026112
0.074768
0.054305
 0.16058
0.247475
0.204566
0.103877
0.085638
0.075655
0.047714
0.040562
0.073971
0.116716
0.209507
0.355634
0.249568
0.128438
0.109356
0.309954
0.210349
0.200791
0.134107
0.069954
0.136182
0.076621
0.110281
0.092157
0.023515
0.067331
0.048904
0.144608
0.222859
0.184218
0.093545
 0.07712
 0.06813
0.284712
 0.29743
0.139567
0.109371
0.107063
0.030826
0.037239
0.017431
0.117405
0.279124
0.189426
0.180819
0.120768
0.062996
0.122637
    0.069
0.099312
0.082991
0.349588
0.370051
0.133612
0.038809
0.041307
 0.06669
0.090883
0.233747
0.301102
 0.30031
0.313725
0.147213
0.115363
0.112928
0.032515
0.039279
0.018386
0.123837
0.063744
0.050829
0.062323
0.103248
0.165377
0.206455
 0.08002
0.051778
0.043664
0.368741
0.390325
0.140932
0.040935
 0.04357
0.070343
0.095862
0.246553
0.317599
0.151939
0.060491
0.093188
0.044276
 0.09919
0.237977
0.163692
0.126378
0.095114
0.077431
0.061743
0.075706
0.125418
0.200887
0.250785
0.097202
0.062896
 0.05304
0.056084
 0.08764
0.141866
0.065746
0.116303
0.110327
0.127162
 0.19906
0.079816
0.184563
 0.07348
0.113197
0.053783
0.120489
0.289076
 0.19884
0.153514
0.115538
 0.10875
 0.09115
0.141262
 0.11091
0.152239
0.326192
0.511711
0.219245
0.067362
0.055063
0.086044
0.139282
0.064549
0.114185
0.108318
0.124846
0.195435
0.078363
0.021477
0.085151
0.215911
0.252847
0.236369
 0.22107
0.203198
0.154011
0.051888
 0.10677
 0.08949
0.138689
 0.10889
0.149467
0.320252
0.502392
0.215252
0.066135
0.070331
0.125022
0.085907
0.073929
0.047409
0.035508
  0.1206
0.205641
0.135388
0.081854
0.105362
0.255523
0.124058
0.241346
0.374092
0.240132
 0.06779
0.091973
0.072701
0.065112
0.311846
0.201782
0.201685
0.283038
0.288576
0.106149
0.106369
 0.11036
0.095059
0.115212
0.039507
0.099586
0.099991
0.180733
0.180257
0.105764
0.071168
0.027175
0.030607
0.114263
0.122186
 0.11956
0.177429
0.204962
0.060434
0.073363
0.065705
0.314686
 0.20362
0.203522
0.285616
0.291205
0.107116
0.107337
0.160554
 0.21626
0.186793
0.165467
0.141888
0.202618
0.092047
0.085904
0.080276
0.071816
0.027423
0.030885
0.115303
0.123299
0.120649
0.179045
0.206829
0.060984
0.025855
0.068018
0.080369
  0.2901
0.255593
0.202682
0.183254
0.135731
0.133874
0.143474
0.193253
0.166921
0.147863
0.126793
0.181062
0.082255
0.076765
0.071736
0.104961
0.238305
0.382572
0.346481
0.110906
0.032059
0.111529
0.044745
0.123912
0.023104
0.060782
0.071819
0.259237
0.228402
0.181119
0.163759
0.121291
0.119631
0.087651
0.177707
0.317779
0.178598
0.142724
  0.1564
0.079924
 0.05291
0.069102
0.095153
0.216036
0.346821
0.314103
0.100542
0.029063
0.101107
0.040563
0.112332
0.033854
0.024356
0.066854
0.236056
0.273935
0.307598
0.233672
0.133614
0.056959
 0.07946
0.161101
0.288083
0.161909
0.129386
0.141785
0.072455
0.047966
0.062644
0.092887
0.133067
0.156321
0.115009
0.130113
0.194233
0.198988
0.144496

0.116961
 0.03216
0.023137
0.063509
0.224245
0.260228
0.292206
0.221979
0.126928
0.054109
0.048988
0.052135
0.150553
0.205813
0.040034
0.201023
0.320615
0.372317
 0.14252
 0.08824
0.126408
0.148499
0.109255
0.123602
0.184514
0.189031
0.137265
0.111108
0.137053
0.092715
0.101346
 0.18259
0.118896
0.136934
0.139442
0.200879
0.105565
0.043321
0.046104
0.133136
0.182004
0.035402
0.177768
0.283525
0.329247
0.126033
0.048705
0.041404
0.075506
0.119138
0.213855
0.363015
0.254747
0.131104
0.111625
0.121198
0.081989
0.089622
0.161467
0.105142
0.121093
0.123311
0.177641
0.093353
0.135583
0.083613
0.187393
0.137174
 0.18403
0.166213
 0.26014
0.222151
 0.13055
0.036891
0.031361
0.057191
 0.09024
0.161983
0.274962
0.192956
0.099303
 0.08455
0.239644
0.162633
0.155244
0.103687
0.054086
0.105291
0.059241
0.085265
0.071252
0.102696
0.063332
0.141939
0.103901
0.139392
0.125896
 0.19704
0.168266
0.098884
0.390426
0.209864
0.217177
0.330898
0.266764
0.056639
 0.09674
0.134142
0.262687
0.182675
0.123972
0.118339
0.079038
0.041229
0.080261
0.045158
0.064995
0.054314
0.228791
0.242183
0.087443
0.025399
0.027034
0.043646
0.059479
0.152977
0.197059
0.297612
0.159975
0.165549
0.252236
0.203348
0.043175
0.073743
0.102253
 0.20024
0.243944
0.477496
0.165723
0.101321
0.216667
0.186638
0.035831
0.036141
0.109312
0.217145
0.229855
0.082992
0.024106
0.025658
0.041424
0.056451
 0.14519
0.187028
0.089474
0.035622
0.054876
0.026073
0.058411
 0.14014
0.096395
0.074422
0.056011
0.231526
 0.45319
0.157287
0.096163
0.205638
0.177138
0.034007
0.034302
0.103748
0.011717
0.001394
0.013592
0.109302
0.481586
0.372729
0.114611
0.026249
0.016084
0.108795
0.043314
0.066726
0.031704
0.071025
0.170402
 0.11721
0.090492
0.068106
0.064105
 0.05373
 0.08327
0.065378
0.089741
0.192281
0.301639
0.129238
0.039708
0.014247
0.001695
0.016527
0.132905
0.585579
0.453215
 0.13936
0.031917
0.019557
0.092574
0.050035
0.041833
0.045098
0.182897
0.313039
0.054323
0.076197
0.073202
0.092961
0.077916
0.120752
0.094807
0.130136
0.278833
0.437416
0.187413
0.057582
0.061235
0.108853
0.074796
0.064367
0.041278
0.030916
0.105002
0.179045
0.117878
0.134244
0.072557
0.060664
0.065398
0.265225
0.453947
0.078775
0.110495
0.106152
0.060676
0.032526
0.070236
0.254197
 0.34043
0.106624
0.068925
0.040561
0.083703
0.143669
 0.12375
0.149986
0.051432
0.129643
 0.13017
0.235282
0.234662
0.137685
0.092648
0.035378
0.039844
0.148749
0.159064
0.155645
 0.23098
0.266824
0.078674
0.028501
0.038581
0.133178
0.227464
0.284225
0.262694
 0.21187
0.050952
0.025631
0.137738
0.126149
0.127874
0.131143
0.178282
0.119915
0.121771
0.357405
0.187303
0.082371
0.031453
0.035425
 0.13225
 0.14142
0.138381
0.205359
0.237227
0.069947
0.029655
0.078015
0.092181
0.332737
0.293158
 0.23247
0.210188
 0.15568
0.153549
 0.12246
0.112156
 0.11369
0.116597
0.158506
0.106614
0.108264
0.317761
0.166527
0.182626
0.255719
0.062265
0.110551
0.271614
0.137354
0.116795
0.126833
0.067934
0.020202
0.053148
0.062799
0.226677
0.199714
 0.15837
 0.14319
0.106057
0.104605
0.076642
0.155387
0.277866
0.156166
0.124797
0.136756
0.069885
0.046265
0.060422
0.124414
0.174208
0.042418
0.075313
0.185037
0.093572
0.079567
0.086405
 0.04628
0.169216
0.152576
0.237122
0.066344
0.168157
 0.20634
0.049241
0.387374
0.457277
0.062875
0.127476
0.227954
0.128115
0.102381
0.112192
0.057332
0.037954
0.049569
  0.0735
0.105293
0.123694
0.091005
0.102956
0.153693
0.157455
0.114337
0.092549
0.138821
 0.12517
0.194529
0.054427
0.137953
0.169276
0.040396
0.317793
 0.37514
0.451283
0.328634
0.117406
0.028174
0.029072
0.022753
0.028877
0.056234
0.249134
0.084852
0.121555
0.142797
 0.10506
0.118857
 0.17743
0.181773
0.131995
0.106842
0.131791
0.089155
0.097455
0.175579
0.114331
0.131676
0.134088
0.193166
0.101512
0.520981
0.379389
0.135538
0.032526
0.033562
0.026267
0.033337
0.064919
0.287612
0.152183
0.154973
0.092835
0.155727
0.134636
0.076829
0.070966
0.163324
0.130474
0.141619
0.095803
0.104722
0.188673
0.122857
0.141496
0.144087
0.207571
0.109082
0.158427
0.097701
0.218967
0.160286
0.215037
0.194217
 0.30397
0.259581
0.152546
0.163531
 0.16653
0.099758
 0.16734
0.144676
0.082559
0.076258
0.175503
0.140204
0.072275
0.078066
0.108277
0.177516
0.206043
0.151963
0.209654
0.298095
0.093174
 0.11129
0.068632
0.153817
0.112595
0.151056
0.136431
0.213528
0.182347
0.107158
0.423096
0.227425
 0.23535
0.358587
0.289087
0.061378
0.104835
0.145367
0.284668
0.050771
0.054839
0.076061
0.124699

0.144738
0.106749
0.147274
0.209402
0.065452
 0.02672
0.083041
0.122518
0.092455
0.113344
0.114915
0.048498
0.067083
0.080278
0.324604
0.174483
0.180563
0.275112
0.221791
 0.04709
0.080431
0.111527
0.218401
0.266068
0.520802
0.180753
 0.11051
0.236318
0.203565
 0.03908
0.039419
0.119226
  0.0205
 0.06371
0.093997
0.070932
0.086959
0.088164
0.037208
0.051467
 0.06159
0.108318
0.171044
0.173323
0.107495
0.017245
0.060116
0.013013
0.063162
0.065024
0.237349
0.464587
0.161243
0.098581
 0.21081
0.181593
0.034862
0.035164
0.106357
0.012012
0.001429
0.013934
0.112051
0.493696
0.382102
0.117493
0.026909
0.016489
0.096626
0.152582

0.154615
0.095892
0.015383
0.053627
0.011609
0.056345
0.058005
0.164661
0.199767
0.083413
0.077767
0.107385
0.073943
0.021163
0.076219
0.068594
0.014534
0.001729
0.016859
0.135573
0.597334
0.462313
0.142157
0.032558
 0.01995
0.094432
0.051039
0.042673
0.046003
0.186569
0.319323
0.055413
0.077726
0.074671
0.199227
0.241702
0.100923
0.094093
0.129928
0.089465
0.025605
0.092219
0.082994
0.108491
0.044782
0.052586
 0.08566
0.117264
0.089627
0.124787
0.045005
0.025435
 0.15087
0.081543
0.068177
0.073498
0.298073
0.510169
0.088532
 0.12418
  0.1193
0.068191
0.036554
0.078934
 0.28568
0.382592
0.119829
0.077462
0.045585
0.094069
0.173332
0.071546
0.084014
0.136856
0.187348
0.143194
0.199368
0.071903
0.040637
0.193585
0.190393
0.027479
0.099994
0.088426
 0.10149
0.093966
0.130885
0.103698
