0.375527
0.089063
0.127375
0.064556
0.057002
0.057002
0.078532
0.183809
0.118751
0.138352
0.029688
0.161252
0.122124
0.025063
0.025063
 0.10116
0.083854
       0
0.281595
0.146674
0.483755
0.419091
0.157354
 0.04712
0.071544
0.104817
       0
0.059294
       0
0.146744
0.174843
0.225816
0.138352
0.027951
0.098361
0.029688
0.152137
0.032646
0.177318
0.134292
 0.02756
 0.02756
 0.11124
0.092209
       0
0.260806
0.097938
0.186171
0.126608
0.147097
 0.13875
0.070988
0.140067
0.097938
0.065202
       0
0.161366
0.192264
0.248315
0.152137
0.030736
0.108162
0.032646
 0.35312
0.195875
0.418447
0.308836
0.117802
0.132504
0.155594
0.170219
0.128642
0.194769
0.073139
0.139032
 0.09455
0.109851
0.103618
0.053014
0.104601
0.073139
0.320434
0.120449
0.207893
 0.19927
0.225035
0.189123
0.118872
 0.13373
0.192139
0.263708
0.146279
0.312494
0.230637
0.087974
0.098954
0.116197
0.127118
0.096069
0.328632
 0.07169
0.132421
0.130349
0.132315
0.132315
0.118872
0.145643
0.121899
0.329288
0.123777
0.213638
0.204777
0.231254
0.194349
0.122156
0.137425
0.197448
 0.10833
0.098724
0.236777
0.207925
0.105235
0.074735
0.162092
0.190498
0.148831
0.337712
 0.07367
 0.13608
 0.13395
0.135971
0.135971
0.122156
0.149668
0.125267
0.183472
 0.07516
0.231329
0.126648
0.096207
0.089802
0.078066
0.153771
0.025053
0.119268
0.108692
0.260685
0.228919
 0.11586
0.082281
0.178459
0.209733
0.163858
0.133088
0.081109
0.169297
0.085949
0.144778
 0.15183
0.113466
0.176777
0.082749
0.201997
0.082749
0.254686
0.139436
0.105921
0.098869
0.085949
0.169297
0.027583
0.468173
0.189801
0.176777
0.181485
0.055754
0.034597
0.092441
0.215732
0.082749
 0.14313
0.087229
0.182072
0.092434
0.155702
0.163286
0.122028
0.190116
0.088993
0.241875
0.116894
0.238461
0.142975
0.044792
0.044792
0.087116
0.085381
0.088993
  0.5035
0.204123
0.190116
0.195179
0.059961
0.037208
0.099417
 0.23201
0.088993
0.276486
0.029664
0.119231
0.144639
0.052377
0.044792
0.142975
0.238461
0.059329
0.337978
0.163339
0.333208
0.199782
0.062589
0.062589
 0.12173
0.119305
0.124353
0.193171
       0
0.263428
0.087809
0.082787
0.082787
0.078053
0.234158
       0
0.386341
0.041451
0.166604
0.202108
0.073187
0.062589
0.199782
0.333208
0.082902
0.082787
0.041451
0.166604
0.048783
0.068989
0.068989
0.048783
0.166604
0.041451
 0.21519
       0
0.293456
0.097819
0.092224
0.092224
 0.08695
 0.26085
       0
0.122966
0.092352
0.142947
0.032606
0.122966
0.146578
0.200818
0.305978
0.092352
0.092224
0.046176
0.185595
0.054344
0.076854
0.076854
0.054344
0.185595
0.046176
0.338156
0.184704
0.285894
0.179081
0.223431
0.211625
0.111278
0.230723
0.138528
0.101606
 0.07631
0.118117
0.026942
0.101606
0.121117
0.165936
0.252829
 0.07631
0.203213
       0
0.134712
0.091949
0.124062
0.133818
0.147974
0.161655
       0
0.279418
 0.15262
0.236234
0.147974
0.184621
0.174866
0.091949
0.190646
0.114465
0.190383
 0.07631
0.145059
0.130012
0.070314
0.153457
0.231551
0.406186
0.262548
0.163767
       0
0.108563
  0.0741
 0.09998
0.107842
 0.11925
0.130276
       0
0.286592
0.122995
0.146952
0.169989
0.347609
  0.3259
0.218513
 0.08685
       0
0.153427
0.061497
0.116901
0.104775
0.056665
0.123669
0.186604
 0.32734
0.211584

0.173898
0.121166
0.138614
  0.0741
0.140922
0.156645
0.149925
 0.18369
0.213412
0.322534
 0.13842
0.165382
0.191308
0.391204
0.366772
0.245917
0.097743
       0
0.138229
0.103815
0.197343
0.048871
0.080633
0.080633
0.040726
0.172908
0.103815
0.195707
0.136362
0.155998
0.083393
0.158595
 0.17629
0.168728
0.206727
0.240177
0.069114
0.034605
0.114652
0.032581
0.057595
0.066443
0.083393
0.139088
0.034605
0.204774
 0.10666
0.351784
0.304761
0.114427
0.034265
0.052026
0.076223
       0
0.043118
       0
0.106712
0.127145
0.164212
0.100609
0.020326
0.071528
0.021589
0.193958
0.213321
0.230987
 0.18899
0.243189
 0.22111
  0.0317

0.015245
       0
0.161656
0.085072
0.432702
  0.3278
0.149562
0.043118
0.010163
0.030489
       0
  0.0434
       0
0.107409
0.127976
0.165285
0.101266
0.020459
0.071995
 0.02173
0.235045
0.130379
0.278528
0.205569
0.078412
0.088198
0.103567
0.113302
0.085627
0.162712
0.085627
0.435528
0.329941
0.150539
  0.0434
0.010229
0.030688
       0
0.339891
0.216006
0.345797
0.186622
0.057587
0.020022
0.037022
0.051925
0.085627
0.253133
0.140412
0.299962
0.221388
0.084446
0.094985
0.111537
 0.12202
0.092216
0.315452
0.068814
 0.12711
0.125121
0.127009
0.127009
0.114104
0.139802
 0.11701
0.366047
0.232629
0.372407
0.200982
0.062019
0.021563
0.039871
0.055921
0.092216
0.081754
0.092216
 0.18812
0.112792
0.136605
0.136605
0.090758
 0.12202
0.046804
0.363502
0.079296
0.146472
 0.14418
0.146355
0.146355
0.131485
0.161097
0.134833
0.197483
  0.0809
0.248994
 0.13632
0.103554
 0.09666
0.084028
0.165514
0.026967
0.094208
0.106263
0.216775
0.129972
0.157413
0.157413
0.104583
0.140607
0.053933
0.188415
0.079296
0.203598
0.253664
0.318644
0.272026
0.131485
0.121565
0.106263
0.186539
0.076417
0.235196
0.128765
0.097816
0.091303
0.079372
0.156341
0.025472
0.432345
0.175277
0.163249
0.167597
0.051487
 0.03195
0.085367
0.199223
0.076417
0.177974
0.074902
0.192315
0.239607
0.300986
0.256951
0.124199
0.114828
0.100374
0.131296
0.250179
0.175696
0.104783
0.089337
0.089337
0.116774
0.174328
0.025472
0.479097
 0.19423
0.180902
 0.18572
0.057055
0.035405
0.094598
0.220765
 0.08468
0.263086
0.028227
0.113452
0.137629
0.049838
0.042621
0.136045
0.226904
0.056453
0.145493
0.277232
0.194695
0.116114
0.098997
0.098997
0.129401
0.193179
0.028227
0.131543
 0.08468
0.240697
0.170848
0.153193
 0.13876
0.074667
 0.16097
 0.08468
0.370011
0.039699
0.159562
0.193565
0.070094
0.059944
0.191338
0.319124
0.079398
0.079288
0.039699
0.159562
0.046721
0.066073
0.066073
0.046721
0.159562
0.039699
0.185005
0.119096
0.338523
0.240286
0.215455
0.195155
0.105013
0.226392
0.119096
0.185005
0.039699
0.187594
0.056065
0.132147
0.132147
0.074753
0.263058
0.079398
0.090136
 0.04513
0.181393
0.053113
0.075113
0.075113
0.053113
0.181393
 0.04513
0.330499
0.180521
 0.27942
0.175026
0.218372
0.206833
0.108758
0.225499
0.135391
0.210317
 0.04513
0.213261
0.063736
0.150227
0.150227
0.084981
 0.29905
0.090261
0.330499
       0
0.286811
0.095604
0.075113
0.086652
0.087513
0.117657
 0.04513
0.251394
0.137314
0.212541
0.133133
0.166105
0.157328
0.082727
0.171526
0.102985
0.171289
0.068657
0.130511
0.116973
0.063262
0.138066
0.208328
0.365449
0.236216
0.251394
       0
0.218163
0.072721
0.057135
0.065912
0.066567
0.089496
0.034328
0.159978
0.102985
0.365449
0.147368
0.145901
0.137124
0.048481
0.212541
0.137314
0.135788
0.054427
0.103462
 0.09273
 0.05015
0.109451
 0.16515
0.289707
0.187259
0.153905
0.107236
0.122678
0.065581
0.124721
0.138636
0.132689
0.162572
0.188877
0.126822
0.081641
0.289707
0.116825
0.115662
0.108704
0.038433
 0.16849
0.108854
0.353012
0.132831
0.263111
0.183933
 0.11146
0.137632
0.142514
0.206923
 0.32009
0.151673
0.105681
0.120899
 0.06463
0.122912
0.136625
0.130764
0.160214
0.186137
0.053564
0.026819
0.088856
 0.02525
0.044636
0.051493
 0.06463

0.107793
0.026819
0.347892
0.130905
0.259295
0.181265
0.109844
0.135636
0.140447
0.203922
0.315447
0.196401
0.026819
0.259295
0.214332
0.179191
 0.21184
 0.25077
0.284065
       0
0.164083
0.180463
0.195408
 0.15988
 0.20573
0.187052
0.026817
0.012896
       0
0.136756
0.071968
0.366052
0.277309
0.126525
0.036477
0.008598
0.025793
       0
0.151924
0.143936
0.229144
0.170772
0.156421
0.115509
0.012896
0.038689
       0
 0.30698
0.082453
 0.44789
0.242873
0.105701
0.042556
0.008598
0.043642
0.071968
0.131125
0.069004
0.350979
 0.26589
0.121315
0.034975
0.008244
0.024731
       0
0.273908
0.174073
0.278667
0.150393
0.046408

0.016135
0.029835
0.041845
0.069004
0.294339
0.079058
0.429446
0.232872
0.101349
0.040804
0.008244
0.041845
0.069004
0.113578
 0.17199
0.256805
0.219288
 0.11813
0.109176
0.118401
0.066576
0.035023
 0.32559
0.206918
0.331248
 0.17877
0.055164
 0.01918
0.035464
 0.04974
0.082025
0.072719
0.082025
0.167329
0.100326
0.121507
0.121507
0.080728
0.108534
0.041631
0.135009
0.204442
 0.30526
0.260665
 0.14042
0.129776
0.140741
0.079137
0.041631
0.284017
0.143233
 0.38328
0.194584
 0.05754
0.052218
0.066029
0.084782
0.083262
0.081382
0.091797
0.187264
0.112278
0.135983
0.135983
0.090345
0.121465
0.046591
0.162765
0.068501
 0.17588
0.219131
0.275264
0.234993
0.113585
0.105015
0.091797
0.317854
0.160298
0.428943
0.217766
0.064395
0.058439
0.073896
0.094883
0.093182
0.155089
0.046591
0.121465
0.176514
0.122834
 0.09901
0.161666
0.295871
0.046591
0.003809
0.001603
0.004116
0.005128
0.006441
0.005499
0.002658
0.002457
0.002148
 0.00281
0.005354
 0.00376
0.002242
0.001912
0.001912
0.002499
0.003731
0.000545
0.003629
 0.00109
0.002842
0.004131
0.002874
0.002317
0.003783
0.006924
 0.00109
0.002357
0.002148
0.003227
0.004844
0.236201
 0.84843
0.467382
0.074397
0.001058
0.002448
0.004664
0.003275
0.001953
0.001665
0.001665
0.002177
 0.00325
0.000475
0.002213
0.001425
0.004049
0.002874
0.002577
0.002334
0.001256
0.002708
0.001425
0.002053
0.001871
0.002811
 0.00422
0.205743
0.739023
0.407112
0.064804
0.000921
0.001343
0.002869
0.142933
0.415636
0.219555
0.003962
0.001835
0.001909
0.001396
0.004501
0.002898
0.008237
0.005847
0.005242
0.004748
0.002555
0.005508
0.002898
0.004501
0.000966
0.004564
0.001364
0.003215
0.003215
0.001819
0.006401
0.001932
0.002731
0.005836
0.290759
0.845499
0.446625
 0.00806
0.003734
0.003882
 0.00284
0.015593
0.003806
0.008447
0.003692
0.008607
0.011206
0.006144
0.007083
0.001932
0.126739
0.027196
0.128513
0.038408
0.090528
0.090528
 0.05121
 0.18021
0.054392
0.199161
       0
0.172835
0.057612
0.045264
0.052217
0.052736
0.070901
0.027196
0.439014
0.107166
0.237821
0.103946
0.242326
0.315495
 0.17297
0.199414
0.054392
0.316756
0.027196
0.147716
0.193699
0.159498
0.086329
 0.14388
0.270315
0.187137
0.197228
       0
0.171157
0.057052
0.044824
 0.05171
0.052224
0.070213
0.026932
0.125509
0.080796
0.286707
0.115615
0.114464
0.107579
0.038035
0.166746
0.107727
 0.31368
0.026932
0.146282
0.191819
0.157949
0.085491
0.142483
 0.26769
 0.18532
0.165805
       0
0.133122
0.276819
0.191638
0.257211
 0.35634
0.241369
0.079194
0.101643
0.065432
 0.23219
0.093631
0.092699
0.087123
0.030803
0.135039
0.087243
0.282927
 0.10646
0.210874
0.147416
0.089332
0.110307
 0.11422
0.165842
0.256541
0.134277
       0
0.107809
0.224182
0.155199
0.208303
0.288583
0.195473
0.064135
0.468248
       0
0.077006
0.098819
0.110307
0.115884
0.146246
0.170585
0.107757
0.302042
0.113653
0.225122
0.157375
0.095367
 0.11776
0.121937
0.177047
0.273874
0.170516
0.023284
0.225122
0.186085
0.155575
0.183921
 0.21772
0.246627
       0
0.499884
       0
0.082209
0.105495
 0.11776
0.123713
0.156127
 0.18211
0.115037
0.139513
0.023284
 0.02782
0.005481
0.007751
0.013704
0.045151
0.060703
0.023284
0.162303
0.153769
0.244799
0.182439
0.167107
  0.1234
0.013777
0.041332
       0
0.327952
0.088086
0.478489
0.259465
0.112922
0.045463
0.009185
0.046623
0.076885
0.194843
0.136579
0.149405
0.075669
 0.05544
0.050452
0.056204
0.096442
       0
0.379911
0.115907
0.244799
0.206496
0.087664
0.038969
 0.01837
0.064644
0.019511
0.272618
0.073223
0.397755
0.215687
0.093869
0.037792
0.007635
0.038757
0.063912
0.105197
0.159298
0.237853
0.203105
0.109413
0.101119
0.109663
0.061662
0.032438
0.315809
 0.09635
0.203495
0.171655
0.072872
0.032394
 0.01527
0.053737
0.016219
0.423788
0.120916
0.332693
0.140902
0.088273
 0.04859
0.003818
0.027304
0.032438
0.113433
 0.17177
0.256476

0.219007
0.117979
0.109036
0.118249
 0.06649
0.034978
0.238627
0.120343
0.322027
0.163487
0.048344
0.043873
0.055477
0.071233
0.069956
0.456968
0.130383
0.358741
0.151933
0.095184
0.052395
0.004117
0.029442
0.034978
0.087265
0.121383
 0.30207
0.209793
0.090221
0.055516
0.055477
0.071233
0.103894
 0.02529
0.012754
0.034129
0.017327
0.005124
 0.00465
 0.00588
0.007549
0.007414
 0.01234
0.003707
0.009664
0.014044
0.009773
0.007878
0.012863
0.023541
0.003707
0.009249
0.012864
0.032014
0.022234
0.009562
0.005884
 0.00588
0.007549
0.011011
0.768342
0.220761
0.012669
0.009474
 0.01006
0.009112
0.020129
0.211878
0.556116
0.002435

0.000732
0.001907
0.002772
0.001929
0.001555
0.002539
0.004646
0.000732
0.001582
0.001442
0.002166
0.003251
0.158503
0.569339
0.313637
0.049924
 0.00071
0.151642
 0.04357
  0.0025
 0.00187
0.001985
0.001798
0.003973
0.041817
0.109756
 0.31364
0.227938
0.107556
0.027606
0.108762
0.285102
0.262629
0.254695
0.348516
0.001063
0.000969
0.001455
0.002185
 0.10652
0.382617
0.210775
0.033551
0.000477
0.000695
0.001485
0.074001
0.215189
0.113671
0.002051
 0.00095
0.000988
0.000723
0.210778
0.153182
0.072282
0.018552
0.073092
0.191599
0.176497
0.171165
0.234216
0.348864
0.451695
0.400405
0.112748
0.020262
0.002305
0.000303
0.000949
0.044468
0.000924
0.001974
0.098365
0.286037
0.151096
0.002727
0.001263
0.001313
0.000961
0.005275
0.001288
0.002858
0.001249
0.002912
0.003791
0.002078
0.002396
0.000654
0.463723
 0.60041
0.532233
0.149869
0.026932
0.003064
0.000403
0.001262
0.059108
0.002822
0.003452
0.004551
0.005004
 0.00387
 0.00274
0.001634
0.001615
0.000634
0.326195
0.079626
0.176705
0.077234
0.180052
0.234418
0.128519
0.148168
0.040414
0.235355
0.020207
0.109756
0.143922
0.118509
0.064144
0.106905
0.200848
0.139046
0.174507
0.213483
0.281411
0.309457
0.239325
 0.16946
0.101065
0.099882
0.039212
0.269055
0.060621
0.215117
0.161491
0.054297
0.049131
0.112795
0.133899
0.040414
0.283567
0.024346
0.132239
0.173404
0.142786
0.077284
0.128804
0.241992
0.167529
0.149888
       0
0.120342
0.250245
0.173241
0.232519
0.322132
0.218198
0.071591
0.324171
0.073039
0.259184
0.194572
 0.06542
0.059195
0.135901
0.161328
0.048693
0.194502
       0
0.120342
0.100151
0.061075
 0.05485
0.129252
0.201199
0.073039
0.142251
       0
0.114211
0.237495
0.164415
0.220672
0.305719
0.207081
0.067944
0.496053
       0
0.081579
0.104687
0.116857
0.122765
0.154931
0.180715
0.114156
0.184592
       0
0.114211
0.095049
0.057963
0.052056
0.122667
0.190948
0.069318
0.219164
0.046212
0.038897
0.062417
0.034889
0.023074
0.103334
0.355164
0.137262
 0.47293
       0
0.077776
0.099807
 0.11141
0.117042
0.147709
0.172291
0.108834
0.131991
0.022029
 0.02632
0.005185
0.007333
0.012965
0.042716
 0.05743
0.022029
0.208948
0.044058
0.037084
0.059508
0.033263
0.021998
0.098517
0.338608
0.130863
0.164951
0.042748
0.077776
0.053087
0.108292
0.143586
0.409359
0.458942
0.066087
0.209794
0.147059
0.160869
0.081475
0.059694
0.054323
0.060517
0.103843
       0
0.409062
0.124801
0.263583
0.222341
 0.09439
0.041959
 0.01978
0.069605
0.021008
0.374026
0.248353
0.358288
0.124801
0.005371
0.030946
0.054446
0.029669
       0
 0.20273
0.207585
0.284115
0.125979
0.087667
0.082296
0.060517
0.114108
0.021008
0.352438
0.107525
0.227097
0.191564
0.081324
0.036151
0.017042
0.059969
  0.0181
 0.47294
0.134941
 0.37128
0.157244
0.098511
0.054226
 0.00426
0.030471
0.036201
0.174667
 0.17885
0.244786
0.108541
0.075532
0.070904
 0.05214
0.098313
  0.0181
0.150566
  0.0181
0.213344
0.250284
0.184248
0.090377
0.021302
0.072751
0.088349
0.479168
0.136718
 0.37617
0.159315
0.099808
 0.05494
0.004316
0.030872
0.036677
0.091505
 0.12728
0.316746
0.219985
0.094604
0.058213
0.058172
0.074694
0.108941
0.152549
0.018339
0.216153
 0.25358
0.186674
0.091567
0.021582
0.073709
0.089512
0.183133
0.091693
0.221271
0.205069
0.102801
 0.11106
0.078771
0.078682
0.055016
0.006816
0.009482
0.023595
0.016387
0.007047
0.004336
0.004333
0.005564
0.008115
0.566293
0.162708
0.009338
0.006982
0.007414
0.006716
0.014836
0.156161
0.409876
0.013642
0.006831
0.016483
0.015276
0.007658
0.008273
0.005868
0.005861
0.004098
0.259086
0.365141
 0.03477
0.007304
0.007869
 0.00752
0.130253
0.472724
0.125035
0.142286
0.040882
0.002346
0.001754
0.001863
0.001687
0.003728
0.039237
0.102985
0.294291
0.213875
0.100921
0.025903
0.102052
0.267514
0.246427
0.238982
0.327015
0.065098
0.091745
0.008736
0.001835
0.001977
0.001889
0.032727
0.118776

0.031416
0.490328
0.137523
0.031295
 0.01448
0.022564
0.079178
 0.20386
0.284092
0.312203
0.191758
 0.13936
0.065759
0.016878
0.066496
 0.17431
 0.16057
0.155719
0.213081
0.317384
0.410936
0.364273
0.102574
0.018433
0.002097
0.000276
0.000864
0.040455
0.319494
0.089609
0.020392
0.009435
0.014702
0.051592
0.132834
0.185112
0.203429
0.159501
0.201473
0.264211
0.163259
0.065009
0.050996
0.054829
0.059074
0.107521
0.372498
0.482295
 0.42753
0.120386
0.021634
0.002461
0.000324
0.001014
 0.04748
0.002267
0.002773
0.003656
 0.00402
0.003109
0.002201
0.001313
0.001297
0.000509
0.187198
0.236459
0.310091
 0.19161
0.076298
0.059851

0.064351
0.069333
0.126193
0.002533
0.003163
0.383324
0.153341
 0.00088
0.000612
   6.2E-5
0.000314
0.000772
0.005489
0.006715
0.008851
0.009733
0.007527
 0.00533
0.003179
0.003142
0.001233
0.008462
0.001907
0.006766
0.005079
0.001708
0.001545
0.003548
0.004211
0.001271
0.006133
0.007659
0.928107
 0.37127
0.002131
0.001481
 0.00015
0.000759
0.001869
0.004759
0.001869
0.003901
0.004896
 0.00629
0.004866
0.000299
0.000898
        0
 0.33358
0.075159
0.266707
 0.20022
0.067319
0.060914
0.139845
0.166011
0.050106
0.200148
       0
0.123835
0.103059
0.062848
0.056442
0.133004
0.207039
0.075159
0.187597
0.073669
0.153768
 0.19298
0.247929
0.191809
0.011794
0.035382
       0
0.083395
0.100212
0.119732
0.054478
0.173196
0.242127
0.344619
0.355161
0.075159
0.199974
       0
0.123728
0.102969
0.062793
0.056393
0.132888
0.206859
0.075094
0.237427
0.050063
0.042139
0.067618
0.037796
0.024997
0.111944
0.384759
0.148699
0.083323
0.100125
0.119628
 0.05443
0.173045
0.241917
 0.34432
0.354852
0.075094
0.308209
0.075094
0.125072
0.060322
0.089722
0.096122
0.120644
0.242345
0.166167
0.003505
0.000739
0.000622
0.000998
0.000558
0.000369
0.001652
 0.00568
0.002195
0.002767
0.000717
0.001305
 0.00089
0.001816
0.002408
0.006866
0.007698
0.001108
 0.00455
0.001108
0.001846
 0.00089
0.001324
0.001419
0.001781
0.003577
0.002453
0.090246
0.001087
0.000319
 0.00273
0.000123
0.006452
0.169746
0.587983
0.785515
0.353093
0.234453
0.338236
0.117816
0.005071
0.029215
0.051399
0.028009
       0
0.191384
0.195967
0.268214
0.118929
0.082761
 0.07769
 0.05713
0.107722
0.019833
0.276902
0.169863
0.304049
 0.10848
  0.1173
0.122371
0.067579
0.065709
0.058318
0.098959
0.206174
0.295687
0.158499
0.165521
0.165521
0.125822
0.103409
0.039665
0.197307
0.202033
0.276516
 0.12261
0.085322
0.080095
0.058899
0.111056
0.020446
0.170083
0.020446
0.240997
0.282726
 0.20813
0.102091
0.024063
0.082181
0.099801
0.102022
0.212555
0.304839
0.163405
0.170644
0.170644
0.129716
 0.10661
0.040893
0.364022
0.141909
0.261142
0.157821
 0.03768
0.067798
0.127473
0.121048
0.120247
0.177169
0.021298
0.251038
0.294505
0.216802
0.106345
0.025066
0.085605
0.103959
 0.21269
0.106492
0.256983
0.238165
0.119393
0.128985
0.091484
 0.09138
0.063895
0.379188
0.147822
0.272022
0.164397
0.039249
0.070623
0.132784
0.126091
0.125257
 0.19851
0.063895
0.136499
0.159045
0.224951
0.188132
 0.06756
0.076341
0.063895
0.003081
0.001543
0.003723
 0.00345
0.001729
0.001868
0.001325
0.001324
0.000926
0.058511
0.082462
0.007852
 0.00165
0.001777
0.001698
0.029416
0.106759
0.028238
0.002876
0.000926
0.001977
0.002304
0.003259
0.002725
0.000979
0.001106
0.000926
0.268553
0.000617
0.008856
0.001187
0.000822
0.001539
0.045532
0.451382
0.835784
0.048596
0.068488
0.006522
 0.00137
0.001476
 0.00141
0.024431
0.088667
0.023452
0.366034
0.102662
0.023362
 0.01081
0.016844
0.059107
0.152183
0.212077
0.233062
0.223044
0.000512
0.007355
0.000985
0.000682
0.001278
0.037816
0.374892
0.694153
0.131368
0.019139
0.013325
0.020429
0.047387
0.018664
0.055988
0.052207
0.110341
0.485203
0.136085
0.030968
0.014329
0.022328
 0.07835
 0.20173
0.281122
 0.30894
0.242227
0.305969
0.401246
0.247936
0.098726
0.077446

0.083267
0.089714
0.163288
0.174138
0.025371
0.017663
0.027081
0.062814
 0.02474
0.074217
0.069204
0.146265
0.073066
0.028714
0.007071
0.011508
0.041478
0.032762
0.054193
0.065054
 0.07979
0.188746
0.238415
0.312656
0.193194
0.076929
0.060346
0.064883
0.069906
0.127236
0.002554
0.003189
0.386494
0.154609
0.000887
0.000617
   6.2E-5
0.000316
0.000778
0.056934
0.022375
 0.00551
0.008967
 0.03232
0.025529
0.042228
0.050691
0.062173
0.389534
0.528554
0.341854
0.003533
0.003604
0.025016
0.040875
0.009295
0.012816
0.003002
0.003749
0.454258
0.181716
0.001043
0.000725
   7.3E-5
0.000372
0.000915
0.002329
0.000915
0.001909
0.002396

0.003078
0.002382
0.000146
0.000439
       0
0.457831
0.621226
0.401791
0.004152
0.004236
0.029402
0.048042
0.010924
0.015063
0.004347
0.002159
0.003396
0.001646
0.001609
0.001529
 0.00075
0.001402
0.002433
0.180573
0.070911
0.148011
0.185755
0.238647
0.184627
0.011352
0.034057
       0
0.080273
 0.09646
 0.11525
0.052438
0.166711
0.233062
0.331717
0.341864
0.072345
0.336982
0.167372
0.263261
0.127581
0.124713
0.118547
0.058114
 0.10871
0.188619
0.192655
0.024115
0.096926
0.058114
0.118547
0.166401
0.197107
0.170284
        0
0.016964
0.020385
0.024356
0.011082
0.035232
0.049254
0.070103
0.072248
0.015289
0.062751
0.015289
0.025465
0.012282
0.018267
 0.01957
0.024563
0.049341
0.033832
0.040715
0.005096
0.020484
0.012282
0.025053
0.035166
0.041656
0.035987
        0
0.066083
0.005096
0.009688
0.014967
0.021267
0.028774
0.078936
0.909125
0.358882
0.002733
0.000666
0.001109
0.000535
0.000796
0.000852
 0.00107
0.002149
0.001474
0.054218
0.000653
0.000192
 0.00164
   7.4E-5
0.003877
 0.10198
0.353248
 0.47192
0.002878
0.000222
0.000422
0.000652
0.000926
0.001253
0.003438
0.039599
0.015632
0.231534
0.006452
0.001782
0.001969
 0.00331
0.021737
0.014917
0.152599
0.748095
0.269829
0.165524
0.296283
0.105709
0.114304
0.119245
0.065853
0.064031
0.056829
0.096431
0.200908
0.288134
 0.15445
0.161293
0.161293
0.122608
0.100768
0.038652
0.234776
0.135282
 0.25716
0.158999
 0.05193
0.060634
0.081928
 0.12282
0.037503
0.196047
0.190962
0.343244
0.266149
0.172485
 0.08708
0.074951
0.091324
0.131835
0.094702
0.197304
0.282966
 0.15168
  0.1584
  0.1584
0.120409
 0.09896
0.037959
0.337902
0.131727
0.242405
0.146497
0.034976
0.062934
0.118327
0.112362
0.111619
 0.19253
0.187537
0.337087
0.261375
0.169391
0.085518
0.073606
0.089686
 0.12947
0.164261
0.094897
0.287607
0.184319
0.161852
0.105936
0.045738
 0.06701
       0
0.377105
 0.14701
0.270528
0.163493
0.039034
0.070235
0.132055
0.125398
0.124569
 0.19742
0.063544
0.135749
0.158171
0.223715
0.187098
0.067189
0.075921
0.063544
0.183318
0.105907
0.320974
0.205703
0.180629
0.118227
0.051044
0.074784
       0
0.183318
0.021181
0.219745
0.122031
 0.20825
0.239452
0.147011
0.170269
0.042363
0.002064
0.000664
0.001419
0.001653
0.002338
0.001956
0.000702
0.000794
0.000664
0.192719
0.000443
0.006355
0.000851
 0.00059
0.001105
0.032675
0.323921
0.599775
0.001916
0.000221
0.002297
0.001276
0.002177
0.002503
0.001537
 0.00178
0.000443
0.491973
0.020722
0.006651
0.004875
0.011874
0.007641
0.004222
0.009965
0.504177
0.189439
0.000435
0.006247
0.000837
 0.00058
0.001086
0.032118
0.318407
0.589566
0.111575
0.016256
0.011318
0.017351
0.040247
0.015852
0.047553
0.044341
0.093716
0.483599
0.020369
0.006538
0.004792
0.011672
0.007511
 0.00415
0.009795
0.495595
0.048036
0.016996
0.003039
0.016276
0.038736
 0.00751
0.006468
0.009123
0.034977
0.483712
0.070474
0.049065
0.075224
0.174483
0.068722
0.206156
0.192231
0.406288
 0.20296
0.079762
0.019641
0.031966
0.115216
0.091005
0.150534
0.180704
0.221636
0.208252
0.073683
0.013177
 0.07056
0.167934
0.032559
0.028039
0.039553
0.151634
0.310401
0.117058
0.070488
0.050268
0.127285
0.068877
0.034989
0.052349
0.217558
0.044199
 0.01737
0.004277
0.006961
0.025091
0.019818
0.032782
0.039352
0.048266
0.302403
0.410328
0.265388
0.002743
0.002798
 0.01942
0.031732
0.007216
 0.00995
0.067597
0.025492
 0.01535
0.010947
0.027719
0.014999
 0.00762
  0.0114
0.047378
0.794608
  0.0993
 0.04712
0.072285
0.010018
       0
0.000484
0.001988
0.045732
0.305047
0.413915
0.267709
0.002767
0.002822
 0.01959
 0.03201
0.007279
0.010037
0.002896
0.001439
0.002263
0.001097
0.001072
0.001019
0.000499
0.000934
0.001621
0.801556
0.100168
0.047532
0.072917
0.010106
       0
0.000488
0.002006
0.046132
0.002138
0.000817
0.001812
0.001048
0.001486
0.001486
0.000853
0.001024
0.000402
0.343879
0.170797

0.268649
0.130192
0.127265
0.120974
0.059304
0.110935
0.192479
0.196597
0.024609
 0.09891
0.059304
0.120974
0.169807
0.201141
0.173769
       0
0.253855
0.096971
0.215196
0.124399
0.176415
0.176415
 0.10123
0.121638
0.047754
0.114682
0.024609
0.133664
0.227464
 0.31983
0.277289
0.133345
0.086885
       0
0.005826
0.000729
0.002931
0.001757
0.003585
0.005032
0.005961
0.005149
       0
0.009456
0.000729
0.001386
0.002142
0.003043
0.004117
0.011295
0.130088
0.051353
0.003398
0.000729
0.003961
0.006741
0.009478
0.008217
0.003952
0.002575
       0
0.768686
0.467751
0.090146
 0.00189
0.002531
0.002016
0.004071
0.053847
 0.39883

0.003117
 0.00024
0.000457
0.000706
0.001003
0.001357
0.003723
 0.04288
0.016927
0.250717
0.006986
0.001929
0.002132
0.003585
0.023538
0.016153
0.165242
0.810074
0.253377
0.154182
0.029714
0.000623
0.000834
0.000664
0.001342
0.017749
0.131464
0.185281
0.274509
0.021623
0.004584
0.001267
0.016939
0.040908
0.061001
0.168129
0.241654
0.139246
0.264694
0.163657
0.053452
 0.06241
0.084329
0.126419
0.038602
 0.20179
0.196556
  0.3533
0.273946
0.177538
0.089631
0.077147
    0.094
0.135697
0.344323
0.079569
0.263626
0.099442
0.097788
0.092702
0.014047
 0.04214
        0
0.254898
0.098278
0.239859
0.192866
0.118132
0.113046
0.121518
0.079953
0.019892
0.190115
0.185184
0.332859
0.258097
0.167266
0.084445
0.072683
0.088561
0.127846
0.162201
0.093707
0.283999
0.182007
0.159822
0.104608
0.045164
0.066169
        0
 0.24015
0.092592
0.225982
0.181708
0.111297
0.106506
0.114487
0.075327
0.018741
0.143422
0.166443
0.279066
0.329821
0.196257
 0.13146
0.101254
0.035626
0.018741
0.035839
0.020705
0.062751
0.040215
0.035313
0.023113
0.009979
 0.01462
       0
0.035839
0.004141
 0.04296
0.023857
0.040713
0.046813
0.028741
0.033288
0.008282
 0.03169
0.036776
0.061661
0.072875
0.043364
0.029046
0.022372
0.007872
0.004141
 0.01993
       0
0.011696
 0.02514
0.028268
0.030386
0.042306
0.407073
0.892138
0.001885
0.000218
0.002259
0.001255
0.002141
0.002462
0.001512
0.001751
0.000436
0.483933
0.020383
0.006542
0.004795
 0.01168
0.007516
0.004153
0.009802
0.495937
0.001048
       0
0.000615
0.001322
0.001487
0.001598
0.002225
0.021409
0.046919
 0.32145
0.024798
 0.01537
0.005463
0.005784
0.008846
0.005694
 0.01914
0.641598
 0.48281
0.020336
0.006527
0.004784
0.011653
0.007499
0.004144
0.009779
0.494787
0.047958
0.016968
0.003035
0.016249
0.038673
0.007498
0.006457
0.009109
 0.03492
0.320704
 0.02474
0.015334
 0.00545
0.005771
0.008825
0.005681
0.019096
0.640109
 0.01499
0.023193
 0.00744
 0.00433
0.001345
0.007104
0.010718
0.014709
0.018525
0.295964
0.104717
0.018727
0.100278
0.238665
0.046273
0.039849
0.056212
  0.2155
0.441136
 0.16636
0.100176
 0.07144
0.180895
0.097886
0.049726
0.074397
 0.30919
0.092507
0.143132
0.045917
0.026723
0.008303
0.043838
0.066143
0.090775
0.114325
0.412378
0.144247
0.010776
0.004894
0.009853
0.026703
0.018756
0.151657
0.350298
0.053622
0.020222
0.012177
0.008684
0.021989
0.011899
0.006045
0.009043
0.037584
0.630339
0.078772
0.037379
0.057341
0.007947
       0
0.000384
0.001577
0.036278
0.050127
0.017534
 0.00131
0.000595
0.001198
0.003246
 0.00228
0.018435
 0.04258
0.757635
 0.01362
0.000703
0.000957
   4.2E-5
0.000281
0.000661
0.000345
0.074472
0.633716
0.079194
0.037579
0.057649
 0.00799
        0
0.000386
0.001586
0.036472
 0.00169
0.000646
0.001433
0.000828
0.001175
0.001175
0.000674
 0.00081
0.000318
0.761694
0.013693
0.000707
0.000962
   4.2E-5
0.000283
0.000664
0.000347
0.074871
0.001991
0.001137
0.001905
0.001051
0.001156
 0.00104
0.001232
0.001513
0.000492
  0.2439
0.093168
0.206757
0.119521
0.169497
0.169497
 0.09726
0.116868
0.045881
0.110185
0.023644
0.128422
0.218544
0.307288
0.266415
0.128116
0.083477
       0
0.287227
0.164099
0.274809
0.151644
0.166799
0.150105
0.177825
0.218311
0.070931
0.141666
       0
0.150259
0.079239
0.194933
0.235806
0.152971
0.133564
       0
0.003303
0.000709
 0.00385
0.006552
0.009212
0.007987
0.003841
0.002503
       0
0.747151
0.454647
 0.08762
0.001837
 0.00246
0.001959
0.003957
0.052339
0.387657
0.004247
       0
0.004505
0.002376
0.005844
0.007069
0.004586
0.004004
       0
0.265329
0.058448
0.001694
0.001208
0.001125
0.001125
0.001208
 0.00204
0.010301
0.226087
0.137575
0.026514
0.000556
0.000744
0.000593
0.001197
0.015838
0.117304
0.165325
0.244943
0.019294
0.004091
0.001131
0.015115
0.036502
0.054431
0.150021
0.080288
0.017686
0.000513
0.000365
 0.00034
 0.00034
0.000365

0.000617
0.003117
0.882941
0.116803
0.010776
0.001613
0.000219
 0.00074
0.002941
0.006629
 0.01795
0.418141
0.096627
0.320144
 0.12076
0.118753
0.112576
0.017058
0.051174
       0
0.309544
0.119348
0.291282
0.234214
0.143458
0.137281
 0.14757
0.097094
0.024157
0.068309
0.071034
0.182383
0.108093
0.067749
0.044517
0.105058
0.171876
0.072471
0.164803
0.119348
0.274224
0.130837
0.204449
0.181217
0.099372
0.143014
0.048314
0.250255
0.096488
0.235491
0.189354
 0.11598
0.110987
0.119305
0.078497
 0.01953
0.149457
0.173447
0.290808
0.343699
0.204515
0.136991
0.105514
0.037125
 0.01953
0.133237
0.096488
  0.2217
0.105777
 0.16529

0.146508
0.080338
0.115622
 0.03906
0.149457
0.155078
0.374447
 0.26755
0.105743
0.114539
0.116115
0.046668
0.076958
0.002762
0.003206
0.005375
0.006352
 0.00378
0.002532
 0.00195
0.000686
0.000361
0.001737
       0
 0.00102
0.002191
0.002464
0.002649
0.003688
0.035483
0.077764
0.002762
0.002866
0.006921
0.004945
0.001954
0.002117
0.002146
0.000863
0.001422
 0.20617
       0
       0
 0.00089
0.001747
0.003249
0.003931
0.087737
0.970674
  0.0009
       0
0.000528
0.001136
0.001277
0.001373
0.001911
0.018391
0.040306
0.276143
0.021303
0.013204
0.004693
0.004969
0.007599
0.004892
0.016442
0.551167
 0.10686
       0
       0
0.000461
0.000905
0.001684
0.002038
0.045475
0.503109
0.260786
 0.16412
0.042099
0.016108
0.026259
0.017321
0.053613
0.130955
0.482034
0.322465
0.024876
0.015419
 0.00548
0.005802
0.008874
0.005712
0.019201
0.643625
0.015072
 0.02332
0.007481
0.004354
0.001353
0.007143
0.010777
 0.01479
0.018627
0.304533
0.191651
0.049161
 0.01881
0.030664
0.020227
0.062607
0.152922
0.562894
0.010402
0.008905
0.016614
0.011055
0.006891
0.009381
0.011289
0.010487
0.008853
0.098881
0.152995
 0.04908
0.028565
0.008875
0.046859
0.070701
 0.09703
0.122202
0.440793
0.154186
0.011519
0.005232
0.010532
0.028543
0.020049
0.162106
0.374435
 0.06824
 0.05842
0.108996
0.072526
0.045209
0.061545
 0.07406
0.068803
 0.05808
0.216439
0.184026
0.115118
0.045218
0.010348
0.010927
0.080564
0.281132
0.565275
0.049987
0.017485
0.001306
0.000593
0.001194
0.003237
0.002274
0.018383
0.042462
 0.75552
0.013582
0.000701
0.000954
   4.2E-5
 0.00028
0.000659
0.000344
0.074264
0.024545
0.020869
0.013055
0.005128
0.001173
0.001239
0.009136
0.031881
0.064103
0.597213
0.001721
0.000309
   7.7E-5
        0
        0
0.003751
0.016032
0.234819
0.759855
 0.01366
0.000705
0.000959
   4.2E-5
0.000282
0.000663
0.000346
0.074691
0.001986
0.001135
  0.0019
0.001048
0.001153
0.001038
0.001229
0.001509
 0.00049
 0.60064
0.001731
0.000311
   7.7E-5
        0
        0
0.003772
0.016124
0.236166
0.000762
0.000654
 0.00182
0.002258
 0.00135
0.001182
0.001336
0.001314
0.000327
0.269757
0.154118
0.258094
0.142421
0.156653
0.140975
0.167009
0.205033
0.066617
0.133049
        0
 0.14112
0.074419
0.183076
0.221464
0.143667
 0.12544
        0
0.103483
0.088822
0.247243
0.306695
0.183326
0.160616
0.181499
0.178502
0.044411
0.269757
0.088822
0.184523
0.121514
0.134478
0.118801
0.161783
0.189353
0.109707
0.009335
       0
0.009902
0.005222
0.012846
0.015539
 0.01008
0.008802
       0
0.583225
0.128475
0.003723
0.002655
0.002473
0.002473
0.002655
0.004484
0.022642
0.018928
0.006232
0.012947
0.008526
0.009436
0.008336
0.011352
0.013286
0.007698
0.550201
0.401128
0.021014
0.003021
0.010252
0.012149
0.006972
 0.03913
0.418214
0.074631
 0.01644
0.000476
 0.00034
0.000316
0.000316
 0.00034
0.000574
0.002897
0.820723
0.108572
0.010017
0.001499
0.000204
0.000688
0.002734
0.006162
0.016685
0.070405
0.051329
0.002689
0.000387
0.001312
0.001555
0.000892
0.005007
0.053515
0.474537
0.178094
0.017482
0.009525
0.006892
0.005136
0.001123
0.003698
0.201165
0.079289
0.082452
0.211699
0.125468
0.078639
0.051673
0.121944
0.199503
0.084119
0.191293
0.138531
0.318301
0.151867
0.237311

0.210345
0.115344
0.166001
0.056079
0.046573
0.277062
0.319807
0.276957
0.135316
0.065336
       0
0.013702
 0.02804
0.153958
0.082452
  0.1325
0.252578
0.233751
0.158312
0.181413
0.158398
       0
0.149557
0.108307
0.248856
0.118734
0.185536
0.164453
0.090179
0.129784
0.043844
0.167763
0.174073
0.420312
0.300321
0.118695
0.128568
0.130338
0.052385
0.086385
0.120368
0.064463
0.103592
0.197472
0.182753
0.123772
0.141833
0.123839
       0
0.087568
0.043844
0.247852
  0.2622
 0.25093
0.213032
0.094164
0.083344
0.043844
0.002465
0.002558
0.006177
0.004413
0.001744
0.001889
0.001915
 0.00077
0.001269
0.184015
       0
       0

0.000794
0.001559
  0.0029
0.003509
0.078309
0.866362
0.001287
0.000644
0.003642
0.003853
0.003688
0.003131
0.001384
0.001225
0.000644
0.039417
0.113058
0.096569
0.208297
0.236406
0.016821
0.006806
0.072955
0.284026
0.111275
       0
       0
 0.00048
0.000943
0.001754
0.002122
0.047354
0.523896
0.271561
0.170901
0.043838
0.016773
0.027344
0.018037
0.055828
0.136366
 0.50195
0.023836
0.068367
0.058396
0.125959
0.142957
0.010172
0.004115
0.044116
0.171753
0.292493
 0.24796
0.014594
   9.2E-5
0.014036
0.077078
0.047247
0.186051
0.253475
0.317155
0.199594
0.051199
0.019589
0.031935
0.021065
0.065202
0.159261
0.586225
0.010833
0.009274
0.017303
0.011513
0.007177
 0.00977
0.011757
0.010922
 0.00922
0.341601
0.289591
0.017044
0.000107
0.016393
0.090019
0.055179
0.217289
0.296032
 0.32719
 0.11528
 0.01486
0.003122
0.042667
0.103233
0.017452
 0.01115
0.010734
0.027059
0.023165
 0.04322
0.028759
0.017926
0.024404
0.029367
0.027282
 0.02303
0.085824
0.072971
0.045647
 0.01793
0.004103
0.004333
0.031946
0.111477
0.224148
0.817289
0.287959
0.037119
0.007799
0.106578
0.257867
0.043594
0.027851
0.026811
0.146746
0.035384
0.018062
0.014344
0.051139
0.153366
0.129912
0.082295
0.086526
 0.03101
0.026366
0.016493
0.006479
0.001483
0.001566
0.011543
0.040279
0.080989
0.754527
0.002175
 0.00039
   9.7E-5
        0
        0
0.004738
0.020255
0.296673
0.053022
0.012785
0.006526
0.005183
0.018478
0.055414
 0.04694
0.029735
0.031263
 0.47889
0.162639
0.012147
0.004912
0.000109
0.015491
0.074978
0.091286
0.226431
0.762486
0.002198
0.000394
   9.8E-5
        0
       0
0.004788
0.020469
0.299803
0.000967
 0.00083
0.002311
0.002866
0.001713
0.001501
0.001696
0.001668
0.000415
0.483941
0.164354
0.012275
0.004964
 0.00011
0.015654
0.075769
0.092249
0.228819
0.001243
 0.00083
0.002311
 0.00217
0.001216
0.001363
0.001403
0.000789
0.000415
0.099375
0.085296
0.237429
 0.29452
0.176048
 0.15424
0.174294
0.171416
0.042648
0.259048
0.085296
0.177198
 0.11669
 0.12914
0.114085
 0.15536
0.181836
0.105352
0.127768
0.085296
0.237429
0.223002
0.124988
0.140044
0.144179
 0.08107
0.042648
0.099375
0.021324
0.206168
0.287161
0.274636
0.222717
0.209141
0.085708
0.021324
0.023495
0.007736
0.016072
0.010584
0.011713
0.010347
0.014091
0.016492
0.009555
0.682981
0.497932
0.026086
 0.00375
0.012727
0.015081
0.008654
0.048573
0.519142
0.009013
0.001934
0.018699
0.026045
0.024909
  0.0202
0.018969
0.007774
0.001934
0.012185
0.035212
0.064127
0.008654
0.022807
0.033332
0.028223
0.012842
0.007267
0.082899
0.060438
0.003166
0.000455
0.001545
0.001831
 0.00105
0.005896
0.063012
0.558749
0.209699
0.020584
0.011215
0.008115
0.006047
0.001322
0.004355
0.236864
0.001479
0.004274
0.007784
 0.00105
0.002768
0.004046
0.003426
0.001559
0.000882
0.147942
0.697797
0.201336
0.060359
0.138238
0.016132
0.003222
0.002664
0.002561
0.046717
0.277919
0.320796
0.277814
0.135734
0.065538
       0
0.013744
0.028126
0.154434
0.082707
 0.13291
 0.25336
0.234475
0.158802
0.181974
0.158888
       0
0.191885
0.167086
0.253586
0.229894
0.128543
0.094303
0.171819
0.168025
0.140632
0.116984
0.140632
0.287191
0.176862
0.077749
0.056175
0.026481
0.106932
0.110833
0.156206
0.083656
0.134435
0.256267
0.237165
0.160624
0.184062
0.160711
       0
 0.11364
0.056898
0.321647
0.340266
0.325641
 0.27646
  0.1222
0.108159
0.056898
0.118326
0.142246
0.290486
0.178891
0.078641
 0.05682
0.026785
0.108159
0.112105
 0.01894
0.028449
0.194701
0.130421
0.061897
0.061897
0.123725
0.174613
0.028449
0.002812
0.001408
 0.00796
0.008421
0.008059
0.006842
0.003024
0.002677
0.001408
0.086141
0.247073
0.211038
0.455203
0.516632
 0.03676
0.014873
0.159433
  0.6207
0.000469
0.000704
0.004818
0.003228
0.001532
0.001532
0.003062
0.004321
0.000704
0.006325
 0.00559
0.006539
0.006839
0.004932
0.003218
0.006252
0.006463
0.001366
0.040895

0.117297
 0.10019
0.216107
 0.24527
0.017452
0.007061
 0.07569
0.294676
0.501829
0.425424
0.025038
0.000157
0.024082
0.132243
0.081061
0.319208
0.434886
0.003003
0.002654
0.003104
0.003247
0.002341
0.001528
0.002968
0.003068
0.000649
0.102235
0.114183
0.045539
0.002847
0.001206
0.000864
0.001278
 0.00325
0.001337
0.388397
0.329263
0.019379
0.000122
0.018638
0.102351
0.062738
0.247055
0.336586
0.372012
0.131073
0.016896
 0.00355
0.048512
0.117375
0.019843
0.012677
0.012204
0.079126
0.088373
0.035246
0.002204
0.000933
0.000669
0.000989
0.002515
0.001035
0.259422
0.493238
0.126147
0.118765
0.136227
0.052054
0.021261
 0.01677

0.025263
0.371163
0.130773
0.016857
0.003542
0.048401
0.117107
0.019798
0.012648
0.012176
0.066643
0.016069
0.008203
0.006514
0.023224
 0.06965
0.058998
0.037373
0.039295
 0.25883
0.492111
0.125859
0.118494
0.135916
0.051935
0.021212
0.016731
0.025205
0.479053
0.294355
0.045135
0.033928
0.075135
 0.19684
0.183291
0.141159
0.180667
0.058149
0.014021
0.007157
0.005684
0.020264
0.060773
0.051479
 0.03261
0.034286
0.525195
0.178365
0.013321
0.005387
0.000119
0.016988
0.082228
0.100113
0.248325
0.417997
0.256839
0.039383
0.029604
0.065559
0.171752
 0.15993
0.123168
0.157641
0.478717
0.131768
0.015449
  0.0058
0.002997
       0
0.024064
0.022818
0.101653
0.653999
0.222109
0.016588
0.006708
0.000148
0.021155
0.102394
0.124665
0.309227
 0.00168
0.001122
0.003122
0.002933
0.001644
0.001842
0.001896
0.001066
0.000561
0.596122
0.164085
0.019238
0.007223
0.003732
       0
0.029966
0.028414
0.126584
0.004433
0.001386
0.003506
0.002635
0.001473
0.000858
0.001403
0.001934
 0.00221
 0.12634
0.084343
0.234777
0.220511
0.123592
 0.13848
0.142568
0.080165
0.042172
0.098265
0.021086
0.203865
0.283954
0.271568
0.220229
0.206805
0.084751
0.021086
0.333291
0.104175
 0.26359
0.198122
0.110726
0.064527
0.105461
 0.14544
0.166179
0.182492
0.021086
 0.09964
0.126496
0.182221
0.161943
0.180011
0.175386
0.126515
0.078634
0.016873
0.163139
0.227227
0.217316
0.176233
0.165491
 0.06782
0.016873
0.106302
0.307201
0.559463
0.075503
0.198974
0.290797
0.246223
0.112035
0.063399
0.146035
0.016873
0.079735
0.101226
0.145818
0.129591
 0.14405
0.140349
0.101241
0.044934
 0.05062
0.143885
0.117112
0.067184
0.042328
0.053524
0.052235
0.033747
  0.0018
0.005203
0.009475
0.001279
 0.00337
0.004925
 0.00417
0.001897
0.001074
0.180092
0.849441
0.245091
0.073476
0.168279
0.019637
0.003923
0.003243
0.003117
0.000761
0.000857
0.002437
0.001983
0.001138
0.000717
0.000906
0.000885
0.000572
0.074705
0.280582
0.243387
0.087977
0.000801
0.003357
0.015968
0.003059
0.007382
0.173032
 0.15067
0.228672
0.207308
0.115914
0.085038
0.154938
0.151517
0.126816
0.105491
0.126816
0.258975
0.159486
 0.07011
0.050656
 0.02388
0.096426
0.099944
0.265816
0.176033
0.294795
0.193945
0.075659
0.038297
0.122243
0.241066
0.225251
 0.21516
0.076089
0.162549
0.189398
 0.16657
 0.11624
0.067092
0.169427
0.274469
0.130171
0.156485
0.319565
0.196799
0.086513
0.062508
0.029466
0.118986
0.123327
0.020836
0.031297
0.214192
0.143477
0.068093
0.068093
 0.13611
0.192092
0.031297
0.265499
0.093891
0.200579
 0.23371
0.205541
0.143435
0.082788
0.209066
0.338684
0.229195
0.031297
0.280491
0.126988
0.164271
0.164271
0.090155
0.169992
0.031297
0.017206
0.025844
0.176872
0.118478
0.056229
0.056229
0.112395
0.158623
0.025844
0.232188
0.205215
0.240016
0.251049
0.181036
0.118112
0.229488
0.237241
0.050151
0.189261
0.025844
 0.23162
0.104862
 0.13565
 0.13565
0.074447
0.140374
0.025844
0.197777
0.232596
0.277903
0.086613
0.101238
0.134276
 0.27828
0.184086
0.229523
0.018696
0.016524
0.019327
0.020215
0.014577
0.009511
0.018479
0.019103
0.004038
0.636517
0.710907
0.283529
0.017727
0.007509
0.005381
0.007954
0.020232
0.008324
0.015925
0.018729
0.022377
0.006974
0.008152
0.010812
0.022408
0.014823
0.018482
0.023552
0.004162
0.019667
0.007726
0.021929
0.028187
0.026555
0.016728
0.004162
0.075318
0.084121
 0.03355
0.002098
0.000889
0.000637
0.000941
0.002394
0.000985
0.246939
0.469503
0.120076
 0.11305
0.129672
0.049549
0.020238
0.015963
0.024047
0.002787
0.000492
0.002327
0.000914
0.002595
0.003335
0.003142
0.001979
0.000492
0.771841
0.234012
0.022517
0.009055
0.007812
0.005628
0.006153
0.013235
0.074486
0.169686
0.322624
0.082512
0.077683
0.089105
0.034048
0.013907
0.010969
0.016524
0.314063
0.192976
 0.02959
0.022243
0.049258
0.129047
0.120164
0.092542
0.118444
0.530379
0.160804
0.015473
0.006223
0.005368
0.003867

0.004228
0.009094
0.051184
0.381329
0.395881
 0.17679
0.002355
 0.00013
       0
       0
0.000955
0.087392
0.311942
0.191673
0.029391
0.022093
0.048925
0.128175
0.119352
0.091917
0.117644
0.357256
0.098336
0.011529
0.004329
0.002236
       0
0.017959
0.017028
0.075862
0.378754
0.393207
0.175597
0.002339
0.000129
       0
       0
0.000948
0.086802
 0.04632
0.521068
0.234892
0.008712
 0.00179
0.004408
0.000857
 0.00165
0.006634
0.519064
0.142874
0.016751
0.006289
0.003249
       0
0.026092
0.024741
0.110221
 0.00386
0.001206
0.003053
0.002294
0.001282
0.000747
0.001221
0.001684
0.001924
0.067299
 0.75707
0.341279
0.012658

0.002601
0.006404
0.001245
0.002397
0.009638
0.002601
0.037032
0.022056
0.002712
0.001775
 0.00201
0.001651
0.000809
0.000244
0.086841
0.027143
 0.06868
0.051622
 0.02885
0.016813
0.027478
0.037895
0.043299
0.047549
0.005494
0.025962
0.032959
0.047479
0.042195
0.046903
0.045698
0.032964
0.058522
0.833183
0.496241
0.061027
0.039942
0.045226
0.037147
0.018203
0.005494
0.037481
 0.02747
0.075495
0.052665
0.030595
0.021097
0.018721
0.015518
0.010661
0.204635
0.023644
 0.11173
0.141845
0.204331
0.181592
0.201853
0.196667
0.141866
0.062965
0.070933
0.201622
0.164106
0.094143
0.059314
0.075002
0.073196
0.047289
0.161307
0.118222
0.324905
0.226651
0.131671
0.090796
0.080567
0.066784
0.045883
0.078706
0.094577
0.313352
0.189339
0.313646
0.286304
0.248594
0.145122
0.023644
 0.00195
0.002197
0.006244
0.005082
0.002916
0.001837
0.002323
0.002267
0.001464
0.191421
0.718956
0.623648
0.225429
0.002054
0.008602
0.040916
0.007837
0.018914
0.002437
0.002929
0.009704
0.005864
0.009713
0.008867
0.007699
0.004494
0.000732
0.043878
0.040573
 0.01797
0.006824
0.001379
0.003536
0.006396
0.004302
0.004947
0.196697
 0.13026
 0.21814
0.143514
0.055985
0.028339
0.090457
0.178382
 0.16668
0.159213
0.056304
0.120282
0.140149
0.123258
0.086014
0.049646
0.125372
  0.2031
0.153029
0.125705
0.425344
0.182219
 0.21843
0.205949
0.175185
0.131366
0.018768
0.374842
0.037536
0.323154
0.124745
0.042283
0.037484
0.013253
0.048929
0.018768
0.187953
0.066468
0.141994
0.165448
0.145507
0.101541
0.058608
0.148003
0.239762
0.162252
0.022156
0.198566
0.089898
0.116291
0.116291
0.063823
0.120341
0.022156
0.442506
0.044312
0.381487
0.147262
0.049915
0.044251
0.015645
0.057761
0.022156
0.239653
0.066468
0.298444
0.249297
0.213384
0.132467
0.132915
 0.09387
0.042994
 0.17118
0.023375
0.209491
0.094844
 0.12269
 0.12269
0.067334
0.126963
0.023375
0.178881
0.210374
0.251352
0.078338
0.091566
0.121448
0.251693
0.166498
0.207594
0.252839
0.070125
0.314865
0.263013
0.225125
0.139756
0.140229
0.099035
 0.04536
0.132196
0.023375
0.358043
0.136295
0.075142
0.087094
0.111408
0.121879
 0.13747
0.163263
0.192006
0.229406
0.071498
0.083571
0.110844
0.229717
0.151961
0.189468
0.241451
0.042668
0.201625
0.079201
0.224814
0.288967
0.272231
0.171496
0.042668
0.120653
0.021334
0.326781
0.124394
0.068581
 0.07949
 0.10168
0.111237
0.125467
0.241451
0.042668
0.231754
0.175519
0.142544
0.137089
0.114064
0.126302
0.042668
0.002755
0.000487
  0.0023
0.000904
0.002565
0.003297
0.003106
0.001957
0.000487
0.762945
0.231315
0.022258
0.008951
0.007722
0.005563
0.006082
0.013082
0.073628
0.002755
0.000487
0.002644
0.002003
0.001626
0.001564
0.001301
0.001441
0.000487
0.507253
 0.31663
0.010288
0.004791
0.003758
0.001644
0.001937
0.006261
0.017045
0.531805
0.161237
0.015515
0.006239
0.005383
0.003878
0.004239
0.009119
0.051321
0.382355
0.396945
0.177266
0.002362
 0.00013
       0
       0
0.000957
0.087627
0.353577
0.220704
0.007171
0.003339
 0.00262
0.001146
 0.00135
0.004364
0.011881
0.389958
0.116998
0.005515
  0.0002
0.000565
0.000565
 0.00012
0.000743
0.074237
0.345294
0.358471
0.160084
0.002133
0.000118
       0
       0
0.000865
0.079134
0.042228
0.475036
0.214141
0.007942

0.001632
0.004018
0.000781
0.001504
0.006048
0.352161
0.105658
 0.00498
 0.00018
 0.00051
 0.00051
0.000108
0.000671
0.067041
0.226986
0.503436
0.047517
0.003677
0.001793
0.000679
0.000335
0.001426
0.002642
0.052763
0.593548
0.267565
0.009924
0.002039
0.005021
0.000976
0.001879
0.007557
0.002039
0.029033
0.017292
0.002127
0.001392
0.001576
0.001294
0.000634
0.000191
0.283614
0.629033
0.059371
0.004594
 0.00224
0.000848
0.000418
0.001781
0.003302
0.273593
0.131891
0.006543
0.001272
0.000431
 0.00048
0.000562
0.000364
0.000191
 0.00667
0.094957
0.056556
0.006955
0.004552
0.005154
0.004234
0.002075
0.000626
0.004272
0.003131

0.008604
0.006002
0.003487
0.002404
0.002134
0.001769
0.001215
0.894828
0.431371
0.021401
0.004162
0.001411
0.001571
0.001839
 0.00119
0.000626
0.004169
0.000626
 0.00517
0.005481
0.005177
0.006382
 0.00446
0.003401
0.000626
0.151981
0.111387
0.306122
0.213548
0.124058
0.085547
 0.07591
0.062923
 0.04323
0.074155
 0.08911
0.295236
0.178392
0.295513
0.269752
0.234222
0.136732
0.022277
0.148311
0.022277
0.183924
0.195017
0.184205
0.227054
0.158668
0.121001
0.022277
0.103818
0.022277
0.215386
0.217597
0.180841
0.153721
0.166355
0.121001
0.022277
 0.03476
 0.04177
0.138392
0.083622
0.138522
0.126447
0.109792
0.064093
0.010443
0.625745
0.578604
0.256268
0.097314
0.019665
 0.05043
0.091213
0.061344
0.070551
0.048665
0.010443
0.100962
0.101999
0.084769
0.072057
0.077979
0.056719
0.010443
0.062569
       0
0.014748
0.004916
0.083425
  0.1222
0.117332
0.113439
0.020885
0.003146
0.002584
0.008743
0.003746
 0.00449
0.004233
0.003601
  0.0027
0.000386
0.007705
0.000772
0.006643
0.002564
0.000869
0.000771
0.000272
0.001006
0.000386
0.004279
 0.00447
0.043393
0.558703
0.576738
0.178682
0.030056
0.014413
0.005414
0.001707
0.005419
0.024828
0.158223
0.486481
0.239695
0.008515
0.008334
 0.00362
0.008841
0.000885
0.007621
0.002942
0.000997
0.000884
0.000313
0.001154
0.000443
0.004788
0.001328
0.005962
0.004981
0.004263
0.002646
0.002655
0.001875
0.000859
0.001959
0.006218
0.028487
0.181539
 0.55817
0.275017
 0.00977
0.009562
0.004153
   7.6E-5
0.001594
0.008667
0.011463
0.318545
0.688058
0.057861
0.005255
0.006871
0.003789
0.001051
0.004719
0.003942
0.003374
0.002095
0.002102
0.001484
 0.00068
0.001981
 0.00035
0.005366
0.002043
0.001126
0.001305
 0.00167
0.001827
 0.00206
   6.0E-5
0.001261
 0.00686
0.009073
0.252118
0.544576
0.045795
0.004159
0.005438
        0
        0
0.003502
 0.02714
0.699787
0.383352
0.007893
0.000247
        0
0.002241
0.000396
0.006068
 0.00231
0.001274
0.001476
0.001888
0.002066
 0.00233
0.004484
0.000792
0.004304
0.003259
0.002647
0.002546
0.002118
0.002345
0.000792
        0
        0
 0.00396
0.030691
0.791346
0.433509
0.008926
 0.00028
       0
0.000264
       0
0.006498
 0.10744
0.311596
0.262055
0.085346
 0.00561
       0
0.002881
0.000509
0.002765
0.002094
0.001701
0.001636
0.001361
0.001507
0.000509
0.530448
0.331108
0.010758
 0.00501
 0.00393
0.001719
0.002025
0.006547
0.017825
0.000169
       0
0.004175
0.069029
0.200197
0.168367
0.054834
0.003605
       0
0.555626
0.056333
0.005752
0.019423
0.108084
0.051241
 0.04105
 0.04961
0.448833
0.380428
0.237464
0.007715
0.003593
0.002819
0.001233
0.001453
0.004695
0.012784
0.419571
0.125883
0.005934
0.000215
0.000608
0.000608
0.000129
  0.0008
0.079875
0.398485
0.040401
0.004125
 0.01393
0.077516
0.036749
 0.02944
0.035579
0.321895
 0.48129
0.306382
0.016271
0.016743
0.018314
0.013025
0.001696
0.000292
0.002787
 0.36607
0.109831
0.005177
0.000187
 0.00053
 0.00053
0.000112
0.000698
0.069689
0.235951
 0.52332
0.049394
0.003822
0.001864
0.000706
0.000348
0.001482
0.002747
0.419918
0.267314
0.014196
0.014608
0.015978
0.011364
0.001479
0.000255
0.002431
0.473025
0.193024
0.055344
0.004194
  0.0191
0.026238
0.009404
0.020893
0.052682
0.249224
0.552759
0.052172
0.004037
0.001969
0.000746
0.000368
0.001565
0.002901
0.240418
0.115899
 0.00575
0.001118
0.000379
0.000422
0.000494
 0.00032
0.000168
0.499635
0.203882
0.058458
 0.00443
0.020175
0.027714
0.009933
0.022068
0.055646
 0.30179
0.408864
0.021812
0.000592
 0.00115
 0.00155
0.004853
0.004818
0.007213
0.418093
0.201551
0.009999
0.001945
0.000659
0.000734
0.000859
0.000556
0.000293
0.001948
0.000293
0.002415
0.002561
0.002419
0.002982
0.002084
0.001589
0.000293
 0.52482
0.711024
0.037932
0.001029
0.001999
0.002695
0.008439
0.008378
0.012543
0.008289
0.001606
0.017376
0.016778
0.014832
0.023699
0.013972
0.007141
0.002947

0.031762
0.004771
0.039389
0.041765
 0.03945
0.048626
 0.03398
0.025914
0.004771
0.022234
0.004771
0.046127
0.046601
0.038729
0.032921
0.035627
0.025914
0.004771
0.135177
0.026192
 0.28336
0.273612
0.241883
0.386473
 0.22786
 0.11646
0.048067
0.036121
0.041587
0.089591
0.332349
 0.45358
0.378656
0.225258
0.093753
0.024478
0.016367
0.003512
0.033957
0.034305
 0.02851
0.024235
0.026227
0.019076
0.003512
0.021044
       0
 0.00496
0.001653
0.028058
0.041099
0.039462
0.038153
0.007024
0.026591
0.030615
0.065953
0.244659
0.333903
0.278748
0.165824
0.069016
 0.01802
0.082328
0.073412
0.027913
0.073637
0.089857
0.318344
0.468219

0.585462
0.107267
0.003521
0.003679
0.035713
0.459822
0.474665
0.147058
0.024737
0.011862
0.004456
0.001405
 0.00446
0.020434
 0.13022
0.400382
0.197273
0.007008
0.006859
0.002979
0.018419
0.033737
0.054626
0.149054
0.167565
0.094212
0.039887
0.036295
0.075937
0.041345
  0.0196
0.032548
 0.05988
0.325928
0.341959
 0.12543
0.055364
0.042701
0.001426
0.004528
0.020742
0.132187
0.406429
0.200252
0.007114
0.006963
0.003024
   5.5E-5
 0.00116
0.006311
0.008347
0.231948
0.501007
0.042131
0.003826
0.005003
 0.04197
0.019896
 0.03304
0.060785
0.330851
0.347124
0.127325
  0.0562
0.043346
0.006717
0.031414
0.026235
0.083265
0.256521
0.346442
0.128203
0.023324
0.018384
   4.8E-5
0.001011
  0.0055
0.007274
 0.20213
0.436601
0.036715
0.003334
 0.00436
        0
       0
0.002808
0.021759
0.561038
0.307343
0.006328
0.000198
       0
0.005854
0.027376
0.022862
0.072561
0.223545
0.301906
0.111722
0.020325
 0.01602
0.059054
0.040337
0.029696
 0.07828
0.226106
0.259755
0.168929
0.174612
0.082016
       0
       0
0.002998
0.023234
0.599066
0.328175
0.006757
0.000212
       0
  0.0002
       0
0.004919
0.081335
0.235885
0.198381
0.064609
0.004247
       0
0.063056
0.043071
0.031708
0.083586
0.241432
0.277361
0.180379
0.186447
0.087575
0.034222
0.046218
0.040834
0.107585
0.240161
0.329592
0.128781
0.046092
0.037691
0.000184
       0
 0.00454
0.075076
0.217734
0.183116
0.059638
 0.00392
       0
  0.6043
0.061267
0.006256
0.021125
0.117552
0.055729
0.044646
0.053955
0.488151
0.031589
0.042661
0.037692
0.099307
0.221681
0.304231
0.118872
0.042545
0.034791
0.009623
0.007582
0.019209
0.045796
0.203348
0.204805
0.111701
0.088929
0.032328
0.460053
0.046643
0.004763
0.016082
0.089492
0.042427
0.033989
0.041076
0.371629
0.555651
0.353719
0.018785
 0.01933
0.021143
0.015037
0.001958
0.000337
0.003217
0.007326
0.005772
0.014624
0.034864
0.154808
0.155918
0.085038
0.067702
0.024611
0.048005
0.149831
0.076417
0.019954
0.263617
0.185895
0.024644
0.016604
0.041439
0.520285
0.331205
 0.01759
  0.0181
0.019797
 0.01408
0.001833
0.000316
0.003013
0.586084
0.239159
0.068573
0.005196
0.023666
0.032509
0.011652
0.025887
0.065274
 0.04495
0.140294
0.071553
0.018684
0.246837
0.174063
0.023076
0.015547
0.038801
0.017476
0.013959
0.008097
0.008733
0.047334
0.262326
0.064564
0.058337
0.079466
 0.59792
0.243988
0.069957
0.005301
0.024144
0.033165
0.011887
0.026409
0.066592
0.361156
0.489293
0.026103
0.000708
0.001376
0.001854
0.005807
0.005765
0.008631
0.017829
0.014241
0.008261
0.008909
 0.04829
0.267624
0.065868
0.059516
0.081071
0.058664
0.115775
0.080354
0.084173
 0.21159
0.181447
0.053759
0.016795
0.009229
0.423172
0.573312
0.030585
 0.00083
0.001612
0.002173
0.006804
0.006755
0.010113
0.006684
0.001295
 0.01401
0.013528
 0.01196
0.019109
0.011266
0.005758
0.002377
0.068737
0.135656
0.094152
0.098627
0.247923
0.212604
 0.06299
0.019679
0.010813
0.006789
0.004005
0.007443
0.012392
 0.31226
0.474078
 0.12004
0.012256
0.007589
0.008181
0.001585
0.017149
0.016559
0.014639
0.023389
 0.01379
0.007048
0.002909
0.002186
0.002517
0.005422
0.020114
0.027451
0.022916
0.013633
0.005674
0.001481
 0.00831
0.004902
0.009111
0.015168
0.382214
0.580282
0.146931
0.015001
 0.00929
 0.00633
0.012131
0.013936
0.070408
0.637625
0.280088
0.027394
0.010106
0.009043
0.002336
 0.00269
0.005795
0.021495
0.029336
 0.02449
0.014569
0.006064
0.001583
0.007233
 0.00645
0.002452
 0.00647
0.007895
0.027969
0.041137
0.051438
0.009424
0.006764
0.012965
0.014893
0.075244
0.681419
0.299325
0.029276
  0.0108
0.009664
0.010033
0.039332
 0.02793
0.014981
0.153327
0.626847
0.106984
0.025697
0.008406
 0.02643
0.048411
0.078386
0.213884
0.240447
 0.13519
0.057235
0.052082
0.108966
0.059328
0.028124
0.046705
0.085925
0.467689
0.490693
0.179986
0.079445
0.061273
0.326043
0.096001
0.134196
0.060488
0.141346

0.201164
0.034443
0.038979
0.015446
0.121536
0.008222
0.010669
0.019547
0.094986
0.295854
0.141994
0.046063
0.022757
0.054844
0.025999
0.043176
0.079432
0.432345
 0.45361
0.166384
0.073441
0.056643
0.008778
0.041051
0.034283
0.108807
0.335214
0.452719
0.167531
0.030479
0.024023
0.112351
0.007601
0.009863
 0.01807
0.087808
0.273496
0.131263
0.042582
0.021037
0.176978
0.059176
0.040534
0.025925
0.027356
0.087547
0.162447
0.095936
 0.03545
0.008007
0.037448
0.031274
0.099256
0.305789
 0.41298
0.152825
0.027803
0.021915
 0.08078
0.055178
0.040621
 0.10708
0.309293
0.355321
 0.23108
0.238853
 0.11219
0.161443
0.053981
0.036976

0.023649
0.024955
0.079862
0.148187
0.087515
0.032338
0.465274
0.063955
0.080476
0.115476
  0.0835
0.040543
0.081104
0.075069
0.040241
0.081296
 0.05553
 0.04088
0.107764
0.311267
0.357589
0.232555
0.240378
0.112906
0.044121
0.059586
0.052646
0.138705
0.309629
0.424928
0.166031
0.059424
0.048593
0.468244
0.064363
0.080989
0.116213
0.084033
0.040802
0.081622
0.075548
0.040498
 0.09006
0.006731
0.025271
0.032245
0.057303
 0.08813
0.053457
0.007866
0.015947
 0.05248
0.070875
0.062619
0.164982
0.368289
0.505432
0.197487
0.070683
0.057799
0.015987
0.012596
0.031914
0.076083
0.337831
0.340251
0.185573
0.147742
0.053708
0.107122
0.008006
0.030059
0.038353
0.068159
0.104827
0.063585
0.009356
0.018968
0.403636
0.084429
0.086489
0.065675
0.068989
0.031013
0.035078
 0.05021
0.031944
0.014087
0.011099
0.028121
0.067041
0.297681
0.299813
0.163518
0.130183
0.047325
0.092309
0.288109
0.146943
0.038369
0.506907
0.357457
0.047388
0.031927
0.079682
0.355665
0.074395
 0.07621
 0.05787
 0.06079
0.027327
0.030909
0.044243
0.028147
0.295668
0.019562
0.031563
0.066113
0.102077
 0.08101
0.022255
0.015688
0.028271
0.090054
0.281071
0.143353
0.037431
0.494524
0.348725
0.046231
0.031147
0.077736
0.035012
0.027966
0.016222
0.017496
0.094832
0.525555
 0.12935
0.116876
0.159206
0.288445
0.019084
0.030792
0.064498
0.099584
0.079031
0.021711
0.015305
 0.02758
 0.23648
0.031185
0.015686
0.028074
0.061785
0.042645
 0.02953
0.026506
 0.02581
0.037124
0.029653
  0.0172
0.018551
0.100551
0.557253
0.137151
0.123925
0.168808
0.122151
 0.24107
0.167314
0.175267
0.440577
0.377813
0.111937
0.034971
0.019216
0.250743
0.033066
0.016632
0.029767
0.065512
0.045217
0.031312
0.028104
0.027367
0.202456
0.031676
0.016651
0.029882
0.076464
0.057246
0.036512
0.026787
0.052495
0.093146
0.183826
0.127584
0.133648
0.335959
0.288098
0.085357
0.026667
0.014653
  0.0092
0.005427
0.010086
0.016792
0.423142
 0.64242
0.162665
0.016607
0.010284
0.154381
0.024155
0.012697
0.022787
0.058307
0.043652
0.027842
0.020427
 0.04003
0.246718
0.037441
0.013573
0.019094
0.014502
0.037364
 0.03164
0.022081
0.033273
0.008066
0.004758
0.008843
0.014722
0.370983
0.563231
0.142614
 0.01456
0.009017
0.006144
0.011775
0.013526
 0.06834
0.618889
0.271858
0.026589
0.009809
0.008777
0.216307
0.032825
  0.0119
 0.01674
0.012715
0.032758
 0.02774
0.019359
0.029172
0.077563
0.005335
0.006925
0.005397
0.018636
0.041526
0.033411
0.017569
0.012298
0.006707
0.012855
0.014767
0.074607
0.675646
0.296789
0.029028
0.010708
0.009582
0.009948
0.038999
0.027693
0.014855
0.152028
0.621537
0.106078
0.025479
0.008335
0.084676
0.005824
 0.00756
0.005892
0.020346
0.045334
0.036475
 0.01918
0.013426
0.095626
0.022757
0.029737
  0.0219
0.025247
0.028701
0.009628
0.003138
0.011897
0.328256
0.096652
0.135107
0.060898
0.142306
0.202529
0.034677
0.039243
0.015551
0.122361
0.008278
0.010741
 0.01968
0.095631
0.297862
0.142958
0.046376
0.022911
0.754898
       0
       0
       0
       0
       0
       0
       0
       0
0.300493
       0
       0
       0
       0
       0
       0
       0
       0
0.176394
0.011934
0.015484
 0.02837
 0.13786
0.429395
0.206086
0.066855
0.033029
 0.27786
0.092907
 0.06364
0.040703
 0.04295
0.137451
0.255045
0.150622
0.055657
0.433187
       0
       0
       0
       0
       0
       0
       0
       0
0.570539
       0
       0
       0
       0
       0
       0
       0
       0
 0.12573
 0.04204
0.028797
0.018418
0.019435
0.062196
0.115407
0.068156
0.025184
0.362351
0.049807
0.062674
0.089932
0.065029
0.031575
0.063163
0.058463
0.031339
0.258167
       0
       0
       0
       0
       0
       0
       0
       0
0.855775
       0
       0
       0
       0
       0
       0
       0
       0
0.375826
 0.05166
0.065004
0.093276
0.067448
0.032749
0.065512
0.060637
0.032505
0.072285

0.005403
0.020283
 0.02588
0.045993
0.070736
0.042906
0.006314
  0.0128
0.887601
       0
       0
       0
       0
       0
       0
       0
       0
0.158677
       0
       0
       0
       0
       0
       0
       0
       0
0.101585
0.007593
0.028505
0.036371
0.064636
0.099409
0.060298
0.008873
0.017988
0.382774
0.080065
0.082019
0.062281
0.065424
 0.02941
0.033265
0.047615
0.030293
0.222997
       0
       0
       0
       0
       0
       0
       0
       0
0.864114
       0
       0
       0
       0
       0
       0
       0
       0
0.308007
0.064426
0.065998
0.050116
0.052645
0.023665
0.026767
0.038314
0.024376
 0.25605
0.016941
0.027334
0.057254
0.088399
0.070155
0.019273
0.013586
0.024483
0.695327
       0
       0
       0
       0
       0
       0
       0
       0
0.566355
       0
       0
       0
       0
       0
       0
       0
       0
0.304854
 0.02017
0.032544
0.068167
0.105249
0.083527
0.022946
0.016175
0.029149
0.249933
0.032959
0.016578
0.029671
  0.0653
0.045071
 0.03121
0.028014
0.027278
0.674307
       0
       0
       0
       0
       0
       0
       0
       0
0.594191
       0
       0
       0
       0
       0
       0
       0
       0
0.289067
0.038119
0.019174
0.034317
0.075525
0.052128
0.036097
  0.0324
 0.03155
  0.2334
0.036518
0.019195
 0.03445
0.088151
0.065995
0.042092
0.030882
0.060519
0.687228
       0
       0
       0
       0
       0
       0
       0
       0
0.594568
       0
       0
       0
       0
       0
       0
       0
       0
0.194421
0.030419
 0.01599
0.028697
0.073429
0.054974
0.035062
0.025724
0.050412
0.310706
0.047151
0.017094
0.024046
0.018263
0.047054
0.039847
0.027808
0.041903
0.495273
       0
       0
       0
       0
       0
       0
       0
       0
0.771854
       0
       0
       0
       0
       0
       0
       0
       0
0.349184
 0.05299
 0.01921
0.027024
0.020525
0.052881
0.044781
0.031251
0.047092
 0.12521
0.008612
0.011179
0.008713
0.030085
0.067036
0.053935
0.028361
0.019853
0.867438
       0
       0
       0
       0
       0
       0
       0
       0
0.296375
       0
       0
       0
       0
       0
       0
       0
       0
 0.25437
0.017496
0.022711
  0.0177
0.061118
0.136186
0.109572
0.057617
0.040332
0.287263
0.068363
0.089331
0.065789
0.075844
0.086219
0.028923
0.009427
 0.03574
0.602098
       0
       0
       0
       0
       0
       0
       0
       0
0.646154
       0
       0
       0
       0
       0
       0
       0
       0
0.656971
       0
       0
      0
      0
      0
      0
       0
       0
0.261513
       0
       0
       0
       0
       0
       0
       0
       0
0.656971
       0
       0
       0
       0
       0
       0
       0
       0
0.261513
       0
       0
       0
       0
       0
       0
       0
       0
0.427594
       0
       0
       0
       0
       0
       0
       0
       0
0.563173
       0
       0
       0
       0
       0
       0
       0
       0
0.427594
       0
       0
       0
       0
       0
       0
       0
       0
0.563173
       0
       0
       0
       0
       0
       0
       0
       0
0.204226
      0
      0
       0
       0
       0
       0
       0
       0
0.676972
       0
       0
       0
       0
       0
       0
       0
       0
0.204226
       0
       0
       0
       0
       0
       0
       0
       0
0.676972
       0
       0
       0
       0
       0
       0
       0
       0
0.696071
       0
       0
       0
       0
       0
       0
       0
       0
0.124437
       0
       0
       0
       0
       0
       0
       0
       0
0.696071
       0
       0
       0
       0
       0
       0
       0
       0
0.124437
       0
       0
       0
       0
       0
       0
       0

      0
 0.17669
       0
       0
       0
       0
       0
       0
       0
       0
0.684675
       0
       0
       0
       0
       0
       0
       0
       0
 0.17669
       0
       0
       0
       0
       0
       0
       0
       0
0.684675
       0
       0
       0
       0
       0
       0
       0
       0
0.548254
       0
       0
       0
       0
       0
       0
       0
       0
0.446562
       0
       0
       0
       0
       0
       0
       0
       0
0.548254
       0
       0
       0
       0
       0
       0
       0
       0
0.446562
       0
       0
       0
       0
       0
       0
       0
       0
0.530522
       0
       0
       0
       0
       0
       0
       0
       0
 0.46749
       0
       0
       0
       0
       0
       0
       0
       0
0.530522
       0
       0
       0
       0
       0
       0
       0
       0
 0.46749
       0
       0
       0
       0
       0
       0
       0
       0
0.534749
       0
       0
       0
       0
       0
       0
       0
       0
0.462648
       0
       0
       0
       0
       0
       0
       0
       0
0.534749
       0
       0
       0
       0
       0
       0
       0
       0
0.462648
       0
       0
       0
       0
       0
       0
       0
       0
0.381872
       0
       0
       0
       0
       0
       0
       0
       0
0.595125
       0
       0
       0
       0
       0
       0
       0
       0
0.381872
       0
       0
       0
       0
       0
       0
       0
       0
0.595125
       0
       0
       0
       0
       0
       0
       0
       0
0.669129
       0
       0
       0
       0
       0
       0
       0
       0
0.228619
       0
       0
       0
       0
       0
       0
       0
       0
0.669129
       0
       0
       0
       0
       0
       0
       0
       0
0.228619
       0
       0
       0
       0
       0
       0
       0
       0
0.482053
       0
       0
       0
       0
       0
       0
       0
       0
0.517325
       0
       0
       0
       0
       0
       0
       0
       0
0.482053
       0
       0
       0
       0
       0
       0
       0
       0
0.517325
       0
       0
       0
       0
       0
       0
       0
       0
0.699217
       0
       0
       0
       0
       0
       0
       0
       0
0.278329
       0
       0
       0
       0
       0
       0
       0
       0
0.611815
       0
       0
       0
       0
       0
       0
       0
       0
0.243538
       0
       0
       0
       0
       0
       0
       0
       0
 0.45509
       0
       0
       0
       0
       0
       0
       0
       0
0.599387
       0
       0
       0
       0
       0
       0
       0
       0
0.398204
       0
       0
       0
       0
       0
       0
       0
       0
0.524464
       0
       0
       0
       0
       0
       0
       0
       0
0.217359
       0
       0
       0
       0
       0
       0
       0
       0
0.720505
       0
       0
       0
       0
       0
       0
       0
       0
0.190189
       0
       0
       0
       0
       0
       0
      0
       0
0.630441
       0
       0
       0
       0
       0
       0
       0
       0
0.740832
       0
       0
       0
       0
       0
       0
       0
       0
0.132439
       0
       0
       0
       0
       0
       0
       0
       0
0.648228
       0
       0
       0
       0
       0
       0
       0
       0
0.115884
       0
       0
       0
       0
       0
       0
       0
       0
0.188052
       0
       0
       0
       0
       0
       0
       0
       0
0.728703
       0
       0
       0
       0
       0
       0
       0
       0
0.164546
       0
       0
       0
      0
      0
       0
       0
       0
0.637615
       0
       0
       0
       0
       0
       0
       0
       0
0.583509
       0
       0
       0
       0
       0
       0
       0
       0
0.475278
       0
       0
       0
       0
       0
       0
       0
       0
 0.51057
       0
       0
       0
       0
       0
       0
       0
       0
0.415868
       0
       0
       0
       0
       0
       0
       0
       0
0.564637
       0
       0
       0
       0
       0
       0
       0
       0
0.497551
       0
       0
       0
       0
       0
       0
       0
       0
0.494057
      0
      0
      0

       0
       0
       0
       0
       0
0.435357
       0
       0
       0
       0
       0
       0
       0
       0
0.569136
       0
       0
       0
       0
       0
       0
       0
       0
0.492398
       0
       0
       0
       0
       0
       0
       0
       0
0.497994
       0
       0
       0
       0
       0
       0
       0
       0
0.430849
       0
       0
       0
       0
       0
       0
       0
       0
0.406428
       0
       0
       0
       0
       0
       0
       0
       0
0.633394
       0
       0
       0
       0
       0
       0
       0
       0
0.355624
       0

       0
       0
       0
       0
       0
       0
       0
 0.55422
       0
       0
       0
       0
       0
       0
       0
       0
0.712157
       0
       0
       0
       0
       0
       0
       0
       0
 0.24332
       0
       0
       0
       0
       0
       0
       0
       0
0.623137
       0
       0
       0
       0
       0
       0
       0
       0
0.212905
       0
       0
       0
       0
       0
       0
       0
       0
0.513051
       0
       0
       0
       0
       0
       0
       0
       0
0.550591
       0
       0
       0
       0
       0
       0
       0
       0
0.448919
       0
       0
       0
       0
       0
       0
       0
       0
0.481767
       0
       0
       0
       0
       0
       0
       0
       0
